MARKER 1-50 
    18     0       100   100/1200        8% 0.690059 0.726156      51.5950      49.5500
    36     0       200   200/1200       17% 0.687135 0.678700      59.8800      48.1250
    54     0       300   300/1200       25% 0.683963 0.886822      60.5450      48.2875
    72     0       400   400/1200       33% 0.666204 0.762729      60.4317      48.2125
    91     0       500   500/1200       42% 0.690197 0.731920      50.0000      50.0000
   109     0       600   600/1200       50% 0.675742 0.754441      50.0000      50.0000
   126     0       700   700/1200       58% 0.688484 0.661224      50.4300      50.0000
   145     0       800   800/1200       67% 0.664579 0.821455      60.5583      48.2875
   163     0       900   900/1200       75% 0.685109 0.752246      50.0000      50.0000
   181     0      1000  1000/1200       83% 0.663615 0.796112      51.9500      49.5875
   199     0      1100  1100/1200       92% 0.696776 0.743039      53.7633      49.2375
   216     0      1200  1200/1200      100% 0.665170 0.848935      59.3750      48.2625
   234     1      1300   100/1200        8% 0.674371 0.631122      50.0000      50.0000
   252     1      1400   200/1200       17% 0.654674 0.801832      61.4383      48.7375
   270     1      1500   300/1200       25% 0.640708 0.913734      62.1483      48.8500
   288     1      1600   400/1200       33% 0.693722 0.704781      50.9967      49.8750
   306     1      1700   500/1200       42% 0.694475 0.716441      50.8567      49.8375
   324     1      1800   600/1200       50% 0.693635 0.700203      52.3750      49.4000
   342     1      1900   700/1200       58% 0.697014 0.760556      50.8567      49.8375
   360     1      2000   800/1200       67% 0.694084 0.665158      50.0000      50.0000
   378     1      2100   900/1200       75% 0.686929 0.631483      50.4300      50.0000
   396     1      2200  1000/1200       83% 0.645473 1.075047      57.8800      48.4750
   414     1      2300  1100/1200       92% 0.647247 0.897369      62.1333      49.3500
   432     1      2400  1200/1200      100% 0.680698 0.598410      61.1450      51.7500
   450     2      2500   100/1200        8% 0.635411 0.637800      62.0517      51.0875
   468     2      2600   200/1200       17% 0.672520 0.584300      61.6733      51.6625
   486     2      2700   300/1200       25% 0.613881 0.621408      61.9300      51.6750
   504     2      2800   400/1200       33% 0.613132 0.737618      62.0717      49.4875
   522     2      2900   500/1200       42% 0.620048 0.555401      60.8700      50.5375
   540     2      3000   600/1200       50% 0.583022 0.872648      59.9667      48.3375
   558     2      3100   700/1200       58% 0.721303 0.710784      62.2017      49.9000
   576     2      3200   800/1200       67% 0.648006 0.743767      60.2150      48.3750
   594     2      3300   900/1200       75% 0.612741 0.627373      61.8067      51.7750
   612     2      3400  1000/1200       83% 0.643698 0.707964      62.2067      49.8500
   630     2      3500  1100/1200       92% 0.632881 0.656035      62.1067      51.2125
   648     2      3600  1200/1200      100% 0.578941 0.649533      61.9667      51.1500
   666     3      3700   100/1200        8% 0.637607 0.645085      61.8667      51.0250
   684     3      3800   200/1200       17% 0.643048 0.684528      62.1033      50.6750
   702     3      3900   300/1200       25% 0.599453 0.680007      62.0350      50.6250
   720     3      4000   400/1200       33% 0.660487 0.626495      61.8950      51.4375
   738     3      4100   500/1200       42% 0.641425 0.703196      62.2317      50.1000
   756     3      4200   600/1200       50% 0.704102 0.659334      62.1850      51.0250
   774     3      4300   700/1200       58% 0.679043 0.612375      61.7950      51.2500
   792     3      4400   800/1200       67% 0.678985 0.701569      62.1867      49.8250
   810     3      4500   900/1200       75% 0.659496 0.678566      62.1633      49.5875
   828     3      4600  1000/1200       83% 0.633213 0.728443      62.0500      48.7500
   846     3      4700  1100/1200       92% 0.598523 0.737150      62.2033      49.2750
   864     3      4800  1200/1200      100% 0.671734 0.762682      62.1267      48.9250
   882     4      4900   100/1200        8% 0.629392 0.682786      62.1400      50.7125
   900     4      5000   200/1200       17% 0.679987 0.688365      62.1550      50.2375
   918     4      5100   300/1200       25% 0.665610 0.585752      61.2650      51.9625
   936     4      5200   400/1200       33% 0.642154 0.792769      61.3750      48.7875
   954     4      5300   500/1200       42% 0.605598 0.670837      62.0433      50.9875
   972     4      5400   600/1200       50% 0.622298 0.661902      61.9533      51.1625
   990     4      5500   700/1200       58% 0.631603 0.698469      62.1217      50.2250
  1008     4      5600   800/1200       67% 0.640567 0.690659      62.1267      50.4625
  1026     4      5700   900/1200       75% 0.694740 0.707289      62.1517      49.6250
  1044     4      5800  1000/1200       83% 0.696262 0.625337      61.7383      51.2375
  1062     4      5900  1100/1200       92% 0.601573 0.674048      62.0267      50.5500
  1080     4      6000  1200/1200      100% 0.670019 0.921124      61.8017      49.2750
  1098     5      6100   100/1200        8% 0.714354 0.686521      62.2000      50.2875
  1116     5      6200   200/1200       17% 0.688010 0.695372      62.2200      50.1375
  1134     5      6300   300/1200       25% 0.625379 0.698086      62.1550      49.5875
  1152     5      6400   400/1200       33% 0.652887 0.766066      61.8867      49.0375
  1170     5      6500   500/1200       42% 0.592130 0.771207      62.2617      48.9875
  1188     5      6600   600/1200       50% 0.655240 0.700818      62.2617      49.8125
  1206     5      6700   700/1200       58% 0.687733 0.705990      62.1500      50.0750
  1224     5      6800   800/1200       67% 0.623282 0.852590      62.1267      48.9625
  1242     5      6900   900/1200       75% 0.605976 0.824144      62.1100      48.8750
  1260     5      7000  1000/1200       83% 0.667987 0.647917      61.9250      51.4750
  1278     5      7100  1100/1200       92% 0.640660 0.633109      61.5700      51.4500
  1296     5      7200  1200/1200      100% 0.722741 0.719620      62.2867      49.3125
  1314     6      7300   100/1200        8% 0.630173 0.855493      61.8333      49.1750
  1332     6      7400   200/1200       17% 0.607159 0.797190      61.0067      48.2875
  1351     6      7500   300/1200       25% 0.675792 0.741871      62.2400      49.1750
  1369     6      7600   400/1200       33% 0.633922 0.677568      62.0183      50.4875
  1388     6      7700   500/1200       42% 0.646399 0.571017      60.6467      52.0500
  1406     6      7800   600/1200       50% 0.731054 0.825290      62.0917      49.0125
  1424     6      7900   700/1200       58% 0.593356 0.753836      62.1733      49.4750
  1442     6      8000   800/1200       67% 0.598295 0.751762      62.1933      49.0875
  1460     6      8100   900/1200       75% 0.523711 0.746420      62.1867      49.5000
  1478     6      8200  1000/1200       83% 0.649826 0.746314      62.1450      49.3750
  1495     6      8300  1100/1200       92% 0.702228 0.707141      62.1117      50.0750
  1513     6      8400  1200/1200      100% 0.625126 0.835688      62.2617      49.0500
  1531     7      8500   100/1200        8% 0.701150 0.765858      62.2417      48.9500
  1549     7      8600   200/1200       17% 0.683830 0.831387      62.0433      49.2375
  1567     7      8700   300/1200       25% 0.653644 0.766684      62.1933      49.2000
  1585     7      8800   400/1200       33% 0.626308 0.849430      61.4300      48.8625
  1603     7      8900   500/1200       42% 0.617046 0.788096      62.3367      49.2500
  1621     7      9000   600/1200       50% 0.635379 0.834492      62.2317      49.0750
  1639     7      9100   700/1200       58% 0.629542 0.751211      62.0717      49.4000
  1657     7      9200   800/1200       67% 0.669513 0.814190      61.8883      48.9250
  1675     7      9300   900/1200       75% 0.653926 0.729175      62.2500      49.3250
  1693     7      9400  1000/1200       83% 0.612209 0.658773      61.8483      50.7125
  1711     7      9500  1100/1200       92% 0.621258 0.731064      62.3283      49.3250
  1729     7      9600  1200/1200      100% 0.667732 0.758515      62.1783      49.1625
  1747     8      9700   100/1200        8% 0.624946 0.796961      62.3283      49.0000
  1765     8      9800   200/1200       17% 0.589512 0.813783      62.1050      49.4875
  1783     8      9900   300/1200       25% 0.606892 0.774043      62.4533      49.2625
  1801     8     10000   400/1200       33% 0.721176 0.572207      60.8417      52.6875
  1820     8     10100   500/1200       42% 0.620071 0.784045      62.4300      49.2375
  1838     8     10200   600/1200       50% 0.626001 0.524716      68.6167      50.3750
  1856     8     10300   700/1200       58% 0.589729 1.107922      57.8650      48.9375
  1874     8     10400   800/1200       67% 0.660592 0.672124      60.6150      52.1500
  1891     8     10500   900/1200       75% 0.654078 0.754630      61.4300      48.3750
  1909     8     10600  1000/1200       83% 0.671468 0.919269      60.9100      48.3625
  1927     8     10700  1100/1200       92% 0.658118 0.914526      62.0367      48.7625
  1945     8     10800  1200/1200      100% 0.697644 1.054475      61.5983      48.4125
  1963     9     10900   100/1200        8% 0.624934 0.857227      62.5833      49.2125
  1981     9     11000   200/1200       17% 0.626976 0.769580      62.1933      49.2500
  1999     9     11100   300/1200       25% 0.619786 0.882273      62.6033      49.0500
  2017     9     11200   400/1200       33% 0.659918 1.014147      61.5467      48.3250
  2035     9     11300   500/1200       42% 0.603324 0.912676      62.6783      48.7000
  2053     9     11400   600/1200       50% 0.678538 0.949169      62.7367      48.2875
  2071     9     11500   700/1200       58% 0.597412 0.862417      63.4733      48.8625
  2089     9     11600   800/1200       67% 0.674472 1.111486      62.8000      48.2625
  2107     9     11700   900/1200       75% 0.635562 1.049645      64.6633      48.8500
  2125     9     11800  1000/1200       83% 0.602578 0.808960      61.7550      49.7750
  2143     9     11900  1100/1200       92% 0.577362 0.844790      64.1283      49.1125
  2161     9     12000  1200/1200      100% 0.636294 0.820252      63.2550      49.8250
EXP_END
MARKER 10-50 
    18     0       100   100/1200        8% 0.697847 0.669608      50.0000      50.0000
    36     0       200   200/1200       17% 0.714047 0.712848      53.4533      49.3000
    54     0       300   300/1200       25% 0.697733 0.761014      54.5283      49.0750
    72     0       400   400/1200       33% 0.673623 0.748079      54.7033      49.1250
    90     0       500   500/1200       42% 0.684262 0.665832      50.0000      50.0000
   108     0       600   600/1200       50% 0.687258 0.812350      50.0000      50.0000
   126     0       700   700/1200       58% 0.698043 0.677163      50.0000      50.0000
   143     0       800   800/1200       67% 0.660134 0.735995      57.6633      48.3375
   162     0       900   900/1200       75% 0.674384 1.017009      60.8100      48.6375
   180     0      1000  1000/1200       83% 0.612126 0.962953      61.7717      48.8250
   197     0      1100  1100/1200       92% 0.621404 0.358476      58.6750      50.0000
   215     0      1200  1200/1200      100% 0.637432 0.947289      61.5217      49.0125
   233     1      1300   100/1200        8% 0.711585 0.630103      62.0067      50.9750
   251     1      1400   200/1200       17% 0.647147 0.744225      61.9817      48.7625
   269     1      1500   300/1200       25% 0.599633 0.625887      61.9883      51.6625
   287     1      1600   400/1200       33% 0.666755 0.692049      62.1150      50.9250
   305     1      1700   500/1200       42% 0.596938 0.755158      62.1633      50.5750
   322     1      1800   600/1200       50% 0.652332 0.650163      62.0017      51.7000
   340     1      1900   700/1200       58% 0.657909 0.734842      60.1867      48.3250
   358     1      2000   800/1200       67% 0.612370 0.646023      61.9817      51.8875
   376     1      2100   900/1200       75% 0.649468 0.784762      60.3617      48.0875
   394     1      2200  1000/1200       83% 0.664538 0.724641      61.9917      48.8500
   412     1      2300  1100/1200       92% 0.636853 0.769869      60.5400      48.2750
   430     1      2400  1200/1200      100% 0.610828 0.736707      62.9150      48.6250
   448     2      2500   100/1200        8% 0.595876 0.610191      62.5417      51.7750
   466     2      2600   200/1200       17% 0.577926 0.629139      62.2967      51.7875
   484     2      2700   300/1200       25% 0.532914 0.573288      61.8033      53.9750
   502     2      2800   400/1200       33% 0.619063 0.625408      63.5383      50.6375
   520     2      2900   500/1200       42% 0.691862 0.504266      65.3483      50.8875
   538     2      3000   600/1200       50% 0.678716 0.599919      71.8900      56.2125
   556     2      3100   700/1200       58% 0.556622 0.677688      60.9217      51.7250
   574     2      3200   800/1200       67% 0.493080 0.425411      66.8833      52.8125
   592     2      3300   900/1200       75% 0.571057 0.675410      66.0067      51.4375
   609     2      3400  1000/1200       83% 0.522369 0.509762      68.2100      52.9375
   628     2      3500  1100/1200       92% 0.440483 0.547953      68.5300      54.8375
   645     2      3600  1200/1200      100% 0.505519 0.553093      69.6433      56.2000
   663     3      3700   100/1200        8% 0.411414 0.468501      75.5317      56.2750
   682     3      3800   200/1200       17% 0.538776 0.433400      70.7667      55.5250
   700     3      3900   300/1200       25% 0.465427 0.437075      71.4700      55.5875
   718     3      4000   400/1200       33% 0.426792 0.344323      72.1917      64.7500
   737     3      4100   500/1200       42% 0.349173 0.293496      73.0367      56.0375
   755     3      4200   600/1200       50% 0.476971 0.268249      73.3067      69.4250
   773     3      4300   700/1200       58% 0.470414 0.222990      74.0183      61.9250
   791     3      4400   800/1200       67% 0.448189 0.319713      73.6517      61.3000
   809     3      4500   900/1200       75% 0.530319 0.295745      73.0467      61.2500
   827     3      4600  1000/1200       83% 0.484421 0.289755      73.7400      62.3000
   845     3      4700  1100/1200       92% 0.436505 0.086528      72.7933      70.7625
   863     3      4800  1200/1200      100% 0.497852 0.071501      72.8667      71.2750
   881     4      4900   100/1200        8% 0.470740 0.046378      74.4617      70.9250
   899     4      5000   200/1200       17% 0.533328 0.544795      74.0367      53.1375
   917     4      5100   300/1200       25% 0.493997 0.174560      72.6650      70.7375
   935     4      5200   400/1200       33% 0.533335 0.694353      72.9617      64.8875
   953     4      5300   500/1200       42% 0.472894 0.497278      74.1317      63.2125
   971     4      5400   600/1200       50% 0.448506 0.615334      69.3433      50.8375
   989     4      5500   700/1200       58% 0.496475 0.391246      71.3250      65.8375
  1007     4      5600   800/1200       67% 0.450664 0.240757      73.1067      67.3375
  1025     4      5700   900/1200       75% 0.516201 0.712941      67.5733      59.8125
  1043     4      5800  1000/1200       83% 0.499936 0.441242      70.8600      67.0625
  1061     4      5900  1100/1200       92% 0.467777 0.317308      72.6883      68.9000
  1078     4      6000  1200/1200      100% 0.435052 0.280380      75.5117      70.4875
  1096     5      6100   100/1200        8% 0.450349 0.323515      77.2083      64.9375
  1114     5      6200   200/1200       17% 0.260920 0.178996      81.4900      72.2750
  1132     5      6300   300/1200       25% 0.206744 0.060555      84.6567      72.3875
  1150     5      6400   400/1200       33% 0.572719 0.287652      70.2683      62.9375
  1168     5      6500   500/1200       42% 0.172394 0.036497      93.5567      60.1125
  1186     5      6600   600/1200       50% 0.052359 0.081808      97.8617      42.9625
  1204     5      6700   700/1200       58% 0.049345 0.026915      98.8367      37.9125
  1222     5      6800   800/1200       67% 0.019811 0.023069      99.4800      43.5125
  1240     5      6900   900/1200       75% 0.017082 0.025548      99.5267      38.0625
  1258     5      7000  1000/1200       83% 0.022935 0.022958      99.9183      38.1250
  1276     5      7100  1100/1200       92% 1.390933 0.253211      44.3733      48.7250
  1294     5      7200  1200/1200      100% 0.654682 0.653045      57.1433      49.7500
  1312     6      7300   100/1200        8% 0.562249 0.616380      66.6733      49.5125
  1330     6      7400   200/1200       17% 0.521381 0.608633      69.8383      54.7875
  1348     6      7500   300/1200       25% 0.562680 0.293271      69.6067      57.8000
  1366     6      7600   400/1200       33% 0.559539 0.299618      70.6383      58.5000
  1383     6      7700   500/1200       42% 0.614630 0.320197      71.9700      62.9500
  1401     6      7800   600/1200       50% 0.461295 0.176570      78.0850      65.0250
  1419     6      7900   700/1200       58% 0.346751 0.080378      91.0967      58.2875
  1437     6      8000   800/1200       67% 0.080450 0.027315      95.9950      58.6750
  1455     6      8100   900/1200       75% 0.223019 0.076345      92.4017      65.8000
  1473     6      8200  1000/1200       83% 0.057724 0.033491      99.4567      67.0625
  1491     6      8300  1100/1200       92% 0.032104 0.045635      98.9700      69.1500
  1509     6      8400  1200/1200      100% 0.023351 0.011198      99.8450      65.2500
  1527     7      8500   100/1200        8% 0.065051 0.006520      99.8633      65.6000
  1545     7      8600   200/1200       17% 0.016977 0.005272      99.9300      70.2250
  1563     7      8700   300/1200       25% 0.011964 0.005132      99.9200      69.6000
  1581     7      8800   400/1200       33% 0.011093 0.006330      99.9583      73.0875
  1599     7      8900   500/1200       42% 0.008208 0.003497      99.9617      69.7000
  1616     7      9000   600/1200       50% 0.013118 0.036685      99.9750      75.6500
  1634     7      9100   700/1200       58% 0.105329 0.003286      97.2083      53.3000
  1652     7      9200   800/1200       67% 0.345853 0.033300      86.1733      70.7375
  1670     7      9300   900/1200       75% 0.440239 0.070812      86.2300      66.4250
  1688     7      9400  1000/1200       83% 0.363973 0.058460      86.8950      64.7375
  1706     7      9500  1100/1200       92% 0.017788 0.021153      99.8917      77.4000
  1724     7      9600  1200/1200      100% 0.009907 0.023996      99.9083      76.2875
  1742     8      9700   100/1200        8% 0.004983 0.026086      99.9833      68.9250
  1759     8      9800   200/1200       17% 0.005773 0.015830      99.9750      69.7500
  1777     8      9900   300/1200       25% 0.004666 0.025785      99.9800      67.3375
  1795     8     10000   400/1200       33% 0.007905 0.031284      99.9850      71.5375
  1813     8     10100   500/1200       42% 0.002128 0.028720      99.9817      68.5000
  1831     8     10200   600/1200       50% 0.120948 0.035520      99.9850      71.3625
  1849     8     10300   700/1200       58% 0.001412 0.034659      99.9783      68.9125
  1867     8     10400   800/1200       67% 0.003413 0.046957      99.9883      77.8500
  1886     8     10500   900/1200       75% 0.005975 0.033354      99.9783      66.0750
  1904     8     10600  1000/1200       83% 0.000774 0.042992      99.9883      73.1125
  1922     8     10700  1100/1200       92% 0.002092 0.037974      99.9850      69.2625
  1940     8     10800  1200/1200      100% 0.003122 0.042238      99.9850      70.8625
  1958     9     10900   100/1200        8% 0.003272 0.042499      99.9850      69.4000
  1976     9     11000   200/1200       17% 0.002883 0.047676      99.9867      69.5500
  1994     9     11100   300/1200       25% 0.001822 0.047690      99.9867      69.4500
  2012     9     11200   400/1200       33% 0.001207 0.046999      99.9800      67.6750
  2030     9     11300   500/1200       42% 0.000751 0.055722      99.9883      73.3750
  2048     9     11400   600/1200       50% 0.001746 0.055598      99.9883      70.4625
  2065     9     11500   700/1200       58% 0.001113 0.051908      99.9883      68.3250
  2083     9     11600   800/1200       67% 0.001673 0.045327      99.9600      67.0250
  2101     9     11700   900/1200       75% 0.501874 0.982986      69.4917      58.3750
  2119     9     11800  1000/1200       83% 0.561500 0.774839      73.6567      59.3750
  2137     9     11900  1100/1200       92% 0.449627 0.678869      74.6350      63.6750
  2155     9     12000  1200/1200      100% 0.447358 0.618026      75.5867      62.9625
EXP_END
MARKER 20-50  
    12     0       100   100/1200        8% 0.686363 0.679927      50.0000      50.0000
    24     0       200   200/1200       17% 0.678060 0.699311      52.4733      49.5000
    36     0       300   300/1200       25% 0.687774 0.714649      51.5633      49.5500
    49     0       400   400/1200       33% 0.712113 0.799445      60.7233      48.2500
    61     0       500   500/1200       42% 0.702735 0.833683      61.3183      48.2625
    73     0       600   600/1200       50% 0.684346 0.719574      61.9600      48.4750
    85     0       700   700/1200       58% 0.679272 0.570724      61.5050      50.7625
    97     0       800   800/1200       67% 0.673474 0.648177      62.1800      48.8125
   109     0       900   900/1200       75% 0.688900 0.561060      61.0517      51.3000
   121     0      1000  1000/1200       83% 0.656533 0.638581      61.9867      49.5375
   134     0      1100  1100/1200       92% 0.555918 0.726747      61.8350      48.4500
   146     0      1200  1200/1200      100% 0.558137 0.594927      62.1500      48.3375
   158     1      1300   100/1200        8% 0.584949 0.620776      62.0867      48.6750
   170     1      1400   200/1200       17% 0.605345 0.622618      62.0883      49.7500
   183     1      1500   300/1200       25% 0.605873 0.593418      62.2450      48.4875
   195     1      1600   400/1200       33% 0.649034 0.680535      60.8867      48.6125
   207     1      1700   500/1200       42% 0.653508 0.688917      61.1550      48.4625
   220     1      1800   600/1200       50% 0.644783 0.658346      62.4817      48.6375
   232     1      1900   700/1200       58% 0.597964 0.612128      62.6133      48.3500
   244     1      2000   800/1200       67% 0.574761 0.777982      61.1567      48.3250
   256     1      2100   900/1200       75% 0.740179 1.021782      50.0000      50.0000
   269     1      2200  1000/1200       83% 0.696853 0.763766      50.0000      50.0000
   281     1      2300  1100/1200       92% 0.684458 0.803602      50.0000      50.0000
   293     1      2400  1200/1200      100% 0.705170 0.759835      56.6883      48.7875
   305     2      2500   100/1200        8% 0.646778 0.679246      62.1267      48.5250
   318     2      2600   200/1200       17% 0.635431 0.590370      62.0167      49.3000
   330     2      2700   300/1200       25% 0.659391 0.717764      61.7600      48.3375
   342     2      2800   400/1200       33% 0.721616 0.673175      61.9733      48.6125
   354     2      2900   500/1200       42% 0.628671 0.667492      62.0850      48.6250
   367     2      3000   600/1200       50% 0.676281 0.842172      61.3750      48.0875
   379     2      3100   700/1200       58% 0.623943 0.714444      61.7967      48.4250
   391     2      3200   800/1200       67% 0.607189 0.695702      62.2167      48.8625
   403     2      3300   900/1200       75% 0.650075 0.859232      61.2700      48.1750
   415     2      3400  1000/1200       83% 0.706874 0.803122      62.1367      48.1125
   428     2      3500  1100/1200       92% 0.664180 0.763134      63.7733      48.3750
   440     2      3600  1200/1200      100% 0.662333 0.740225      64.8183      49.0625
   452     3      3700   100/1200        8% 0.615377 0.626691      64.1800      49.4625
   464     3      3800   200/1200       17% 0.484344 0.827144      66.5167      50.8625
   476     3      3900   300/1200       25% 0.640202 0.582625      61.2133      49.4625
   489     3      4000   400/1200       33% 0.650766 0.555051      62.2700      49.0375
   501     3      4100   500/1200       42% 0.594974 0.575624      65.1667      50.0375
   513     3      4200   600/1200       50% 0.557812 0.595755      67.1250      52.0250
   525     3      4300   700/1200       58% 0.511287 0.597232      65.5133      47.4875
   537     3      4400   800/1200       67% 0.573579 0.641778      69.7433      52.4625
   549     3      4500   900/1200       75% 0.652677 0.595721      65.1033      50.4000
   562     3      4600  1000/1200       83% 0.467091 0.351512      75.5050      55.7000
   574     3      4700  1100/1200       92% 0.508217 0.209350      74.7467      55.2625
   586     3      4800  1200/1200      100% 0.324598 0.874045      88.4050      72.2375
   599     4      4900   100/1200        8% 0.133773 0.548409      95.2517      67.8875
   611     4      5000   200/1200       17% 0.235965 0.255407      96.8167      74.1125
   623     4      5100   300/1200       25% 0.399609 0.238004      95.3350      86.1375
   635     4      5200   400/1200       33% 0.180293 0.238934      93.1383      70.5125
   648     4      5300   500/1200       42% 0.100630 0.462727      98.1817      80.3500
   660     4      5400   600/1200       50% 0.119666 0.885555      93.9667      81.3500
   672     4      5500   700/1200       58% 0.105274 1.173400      89.4033      78.5375
   684     4      5600   800/1200       67% 0.084813 0.699294      97.9900      83.8375
   696     4      5700   900/1200       75% 0.168297 0.821277      96.9200      82.4750
   708     4      5800  1000/1200       83% 0.009075 0.720000      98.5117      90.2125
   720     4      5900  1100/1200       92% 0.016070 0.187757      99.4083      89.5250
   733     4      6000  1200/1200      100% 0.063008 0.188255      99.7000      96.5000
   745     5      6100   100/1200        8% 0.099250 1.301680      97.4300      82.2625
   757     5      6200   200/1200       17% 0.016762 0.273341      99.3833      92.0250
   769     5      6300   300/1200       25% 0.012311 0.305655      99.5650      92.2875
   781     5      6400   400/1200       33% 0.025535 1.140485      99.0117      89.5875
   793     5      6500   500/1200       42% 0.030062 0.202338      99.8617      95.4625
   805     5      6600   600/1200       50% 0.009334 0.217974      99.8033      96.1625
   817     5      6700   700/1200       58% 0.013547 0.207456      99.7583      95.6875
   829     5      6800   800/1200       67% 0.008815 0.112989      99.8633      97.2250
   841     5      6900   900/1200       75% 0.006891 0.115641      99.7783      97.3750
   853     5      7000  1000/1200       83% 0.089070 0.112833      99.8083      97.2250
   865     5      7100  1100/1200       92% 0.038840 0.114675      99.8767      97.7500
   877     5      7200  1200/1200      100% 0.003820 0.127790      99.7783      96.8000
   889     6      7300   100/1200        8% 0.018289 0.124020      99.9683      98.3375
   901     6      7400   200/1200       17% 0.173064 0.766620      99.3550      91.5500
   913     6      7500   300/1200       25% 0.002865 0.119565      99.8867      98.3125
   925     6      7600   400/1200       33% 0.002241 0.127918      99.8800      97.2500
   937     6      7700   500/1200       42% 0.002921 0.128953      99.8300      97.3125
   949     6      7800   600/1200       50% 0.025024 0.084647      99.0367      97.3000
   961     6      7900   700/1200       58% 0.004743 0.106300      99.8350      99.1875
   973     6      8000   800/1200       67% 0.002831 0.109486      99.8867      98.4125
   985     6      8100   900/1200       75% 0.002211 0.116857      99.9017      98.3750
   997     6      8200  1000/1200       83% 0.001670 0.125643      99.9833      99.2500
  1009     6      8300  1100/1200       92% 0.001578 0.135724      99.9783      98.8000
  1021     6      8400  1200/1200      100% 0.004794 0.143731      99.6200      91.7000
  1033     7      8500   100/1200        8% 0.001872 0.133177      99.8583      99.3250
  1046     7      8600   200/1200       17% 0.003952 0.119512      99.9683      99.7000
  1057     7      8700   300/1200       25% 0.029639 0.134440      99.9650      99.6500
  1070     7      8800   400/1200       33% 0.000956 0.230000      99.8783      95.6875
  1082     7      8900   500/1200       42% 0.001958 0.030416      99.9833      99.7625
  1094     7      9000   600/1200       50% 0.000630 0.047186      99.9850      99.5625
  1106     7      9100   700/1200       58% 0.003219 0.145384      99.9883      99.3750
  1118     7      9200   800/1200       67% 0.002006 0.145407      99.9900      99.5000
  1130     7      9300   900/1200       75% 0.000370 0.000666      99.9833      99.7625
  1142     7      9400  1000/1200       83% 0.000790 0.146300      99.9917      99.6125
  1154     7      9500  1100/1200       92% 0.000420 0.170253      99.9900      99.1875
  1166     7      9600  1200/1200      100% 0.000172 0.170700      99.9900      99.0125
  1178     8      9700   100/1200        8% 0.000433 0.164245      99.9900      99.0000
  1190     8      9800   200/1200       17% 0.000240 0.168336      99.9900      98.4625
  1202     8      9900   300/1200       25% 0.000371 0.000302      99.9933      93.3500
  1214     8     10000   400/1200       33% 0.000609 0.271940      99.8950      95.3000
  1226     8     10100   500/1200       42% 0.000444 0.158502      99.8983      97.4375
  1238     8     10200   600/1200       50% 0.000480 0.147250      99.8983      97.0625
  1250     8     10300   700/1200       58% 0.000905 0.151184      99.8983      96.5875
  1262     8     10400   800/1200       67% 0.001078 0.000952      99.9917      98.9500
  1274     8     10500   900/1200       75% 0.000409 0.000501      99.9933      99.0500
  1286     8     10600  1000/1200       83% 0.000490 0.001423      99.9900      98.3000
  1298     8     10700  1100/1200       92% 0.000485 0.011480      99.9900      97.8875
  1310     8     10800  1200/1200      100% 0.000164 0.065351      99.9900      97.7000
  1323     9     10900   100/1200        8% 0.000162 0.129024      99.9900      97.5750
  1335     9     11000   200/1200       17% 0.000370 0.141248      99.9900      97.7500
  1347     9     11100   300/1200       25% 0.000139 0.000386      99.9867      98.6750
  1359     9     11200   400/1200       33% 0.396436 0.377286      87.1917      76.0500
  1371     9     11300   500/1200       42% 0.105592 0.152049      99.2417      85.0125
  1383     9     11400   600/1200       50% 0.017311 0.100061      99.5517      85.2000
  1395     9     11500   700/1200       58% 0.029066 0.094291      99.3467      89.8250
  1407     9     11600   800/1200       67% 0.021506 0.105453      99.8133      92.6375
  1419     9     11700   900/1200       75% 0.005231 0.112351      99.7667      90.7875
  1431     9     11800  1000/1200       83% 0.012329 0.112921      99.7517      85.5625
  1443     9     11900  1100/1200       92% 0.008732 0.112235      99.9100      95.5500
  1455     9     12000  1200/1200      100% 0.001670 0.120797      99.9383      94.6750
EXP_END
MARKER 100-50  
    19     0       100   100/1200        8% 0.696548 0.652105      50.0000      50.0000
    37     0       200   200/1200       17% 0.681507 0.774877      63.0967      49.0875
    56     0       300   300/1200       25% 0.598428 0.915531      63.1017      48.3875
    74     0       400   400/1200       33% 0.631538 0.838391      63.7700      49.4375
    92     0       500   500/1200       42% 0.578721 0.984406      65.4500      47.7250
   111     0       600   600/1200       50% 0.643592 0.749129      63.6983      47.8125
   129     0       700   700/1200       58% 0.475617 0.600309      77.2300      58.8500
   147     0       800   800/1200       67% 0.036316 0.222001      99.8433      86.1375
   166     0       900   900/1200       75% 0.015904 0.019972      99.8967      94.2625
   184     0      1000  1000/1200       83% 0.004944 0.015689      99.9183      92.6375
   203     0      1100  1100/1200       92% 1.201097 1.883356      86.1533      69.5875
   222     0      1200  1200/1200      100% 0.010909 0.136143      99.8233      93.0125
   240     1      1300   100/1200        8% 0.236025 0.095037      99.9467      92.9500
   259     1      1400   200/1200       17% 0.014243 0.018282      99.9983      99.4250
   277     1      1500   300/1200       25% 0.006973 0.019026      99.9900      98.6750
   296     1      1600   400/1200       33% 0.005967 0.016934      99.9883      97.5625
   314     1      1700   500/1200       42% 0.005653 0.023876      99.9767      95.4375
   333     1      1800   600/1200       50% 0.004817 0.015720      99.9883      97.3500
   351     1      1900   700/1200       58% 0.002504 0.005558     100.0000      99.8500
   370     1      2000   800/1200       67% 0.003489 0.015113      99.9933      99.7750
   388     1      2100   900/1200       75% 0.002296 0.017197      99.9900      98.7500
   406     1      2200  1000/1200       83% 0.001900 0.020521      99.9867      97.8625
   425     1      2300  1100/1200       92% 0.001594 0.012855      99.9950      99.8375
   443     1      2400  1200/1200      100% 0.000511 0.155918      99.8733      97.0375
   462     2      2500   100/1200        8% 0.203735 0.466436      98.7683      78.5500
   480     2      2600   200/1200       17% 0.011081 0.254314      99.9250      95.6250
   498     2      2700   300/1200       25% 0.008567 0.022127      99.9583      99.6000
   517     2      2800   400/1200       33% 0.003813 0.016195      99.9833      99.8375
   535     2      2900   500/1200       42% 0.013007 0.094911      99.9017      99.7000
   553     2      3000   600/1200       50% 0.004787 0.011905      99.9950      99.8375
   572     2      3100   700/1200       58% 0.002022 0.008906      99.9967      99.8375
   590     2      3200   800/1200       67% 0.001962 0.008724      99.9950      99.8125
   609     2      3300   900/1200       75% 0.001946 0.006177      99.9950      99.8375
   627     2      3400  1000/1200       83% 0.001158 0.005029      99.9967      99.8375
   646     2      3500  1100/1200       92% 0.000451 0.002973      99.9983      99.8000
   664     2      3600  1200/1200      100% 0.000981 0.005162      99.9967      99.7750
   682     3      3700   100/1200        8% 0.000875 0.005056      99.9967      99.8000
   701     3      3800   200/1200       17% 0.000722 0.003613      99.9983      99.8375
   719     3      3900   300/1200       25% 0.001360 0.004087      99.9983      99.8250
   738     3      4000   400/1200       33% 0.000255 0.003455      99.9983      99.8250
   756     3      4100   500/1200       42% 0.000477 0.003020      99.9983      99.8125
   774     3      4200   600/1200       50% 0.000553 0.003182      99.9983      99.8250
   793     3      4300   700/1200       58% 0.000489 0.003260      99.9983      99.8250
   811     3      4400   800/1200       67% 0.000809 0.002073     100.0000      99.8375
   830     3      4500   900/1200       75% 0.000081 0.002814      99.9967      99.8375
   848     3      4600  1000/1200       83% 0.187362 0.008847      99.9900      99.9500
   866     3      4700  1100/1200       92% 0.008571 0.023476      99.8767      99.7375
   885     3      4800  1200/1200      100% 0.001840 0.046390      99.9117      99.7750
   903     4      4900   100/1200        8% 0.001104 0.001098      99.9967      99.9625
   922     4      5000   200/1200       17% 0.002594 0.001431      99.9950      99.9500
   940     4      5100   300/1200       25% 0.001060 0.001023      99.9967      99.9375
   959     4      5200   400/1200       33% 0.001808 0.000812      99.9967      99.9250
   977     4      5300   500/1200       42% 0.001419 0.000825      99.9967      99.9125
   996     4      5400   600/1200       50% 0.000522 0.000676     100.0000      99.9500
  1014     4      5500   700/1200       58% 0.000839 0.000755      99.9967      99.9375
  1032     4      5600   800/1200       67% 0.000534 0.000656     100.0000      99.9500
  1051     4      5700   900/1200       75% 0.000088 0.000605      99.9983      99.9500
  1069     4      5800  1000/1200       83% 0.000995 0.000647     100.0000      99.9625
  1088     4      5900  1100/1200       92% 0.000262 0.000823     100.0000      99.9500
  1106     4      6000  1200/1200      100% 0.000079 0.000915      99.9967      99.9375
  1125     5      6100   100/1200        8% 0.000820 0.000315     100.0000      99.9750
  1143     5      6200   200/1200       17% 0.000315 0.000596     100.0000      99.9625
  1161     5      6300   300/1200       25% 0.000971 0.000451     100.0000      99.9625
  1180     5      6400   400/1200       33% 0.000114 0.000579     100.0000      99.9625
  1198     5      6500   500/1200       42% 0.000263 0.000519     100.0000      99.9625
  1217     5      6600   600/1200       50% 0.000324 0.000455     100.0000      99.9625
  1235     5      6700   700/1200       58% 0.000206 0.000483     100.0000      99.9625
  1253     5      6800   800/1200       67% 0.000168 0.000571     100.0000      99.9625
  1272     5      6900   900/1200       75% 0.000030 0.000471     100.0000      99.9625
  1290     5      7000  1000/1200       83% 0.000181 0.000469     100.0000      99.9625
  1309     5      7100  1100/1200       92% 0.000030 0.000408     100.0000      99.9625
  1327     5      7200  1200/1200      100% 0.000155 0.000438     100.0000      99.9625
  1346     6      7300   100/1200        8% 0.000113 0.000497     100.0000      99.9500
  1365     6      7400   200/1200       17% 0.000045 0.000288     100.0000      99.9625
  1384     6      7500   300/1200       25% 0.000072 0.000359     100.0000      99.9625
  1402     6      7600   400/1200       33% 0.000337 0.000389      99.9983      99.9625
  1421     6      7700   500/1200       42% 0.000133 0.000392      99.9983      99.9625
  1439     6      7800   600/1200       50% 0.000116 0.000361      99.9983      99.9625
  1457     6      7900   700/1200       58% 0.000067 0.000156     100.0000      99.9875
  1476     6      8000   800/1200       67% 0.000115 0.000314      99.9983      99.9625
  1494     6      8100   900/1200       75% 0.000024 0.000270      99.9983      99.9625
  1513     6      8200  1000/1200       83% 0.000033 0.000301      99.9983      99.9625
  1531     6      8300  1100/1200       92% 0.000017 0.000305      99.9983      99.9625
  1549     6      8400  1200/1200      100% 0.000098 0.000259      99.9983      99.9625
  1568     7      8500   100/1200        8% 0.000042 0.000270      99.9983      99.9625
  1586     7      8600   200/1200       17% 0.000121 0.000582     100.0000      99.8750
  1605     7      8700   300/1200       25% 0.000044 0.000579     100.0000      99.8750
  1623     7      8800   400/1200       33% 0.000265 0.000957      99.9967      99.8625
  1641     7      8900   500/1200       42% 0.000056 0.000371     100.0000      99.9000
  1659     7      9000   600/1200       50% 0.000023 0.000511     100.0000      99.9000
  1677     7      9100   700/1200       58% 0.000100 0.000373     100.0000      99.9125
  1696     7      9200   800/1200       67% 0.000092 0.000453     100.0000      99.9000
  1714     7      9300   900/1200       75% 0.000094 0.000536      99.9983      99.8875
  1733     7      9400  1000/1200       83% 0.000070 0.000198      99.9983      99.9375
  1751     7      9500  1100/1200       92% 0.000060 0.000153      99.9983      99.9375
  1769     7      9600  1200/1200      100% 0.000011 0.000162      99.9983      99.9375
  1787     8      9700   100/1200        8% 0.000135 0.000254      99.9983      99.9375
  1806     8      9800   200/1200       17% 0.000011 0.000189      99.9983      99.9375
  1824     8      9900   300/1200       25% 0.000012 0.000160      99.9983      99.9375
  1843     8     10000   400/1200       33% 0.000010 0.000350     100.0000      99.9500
  1861     8     10100   500/1200       42% 0.000009 0.000237     100.0000      99.9625
  1879     8     10200   600/1200       50% 0.000036 0.000215     100.0000      99.9625
  1897     8     10300   700/1200       58% 0.000012 0.000195     100.0000      99.9625
  1916     8     10400   800/1200       67% 0.000006 0.000192     100.0000      99.9625
  1934     8     10500   900/1200       75% 0.002332 0.023172      99.9083      99.4500
  1952     8     10600  1000/1200       83% 0.000802 0.001899      99.9100      99.8375
  1970     8     10700  1100/1200       92% 0.000389 0.000821      99.9100      99.8375
  1989     8     10800  1200/1200      100% 0.000477 0.000296      99.9200      99.8375
  2007     9     10900   100/1200        8% 0.000219 0.000197     100.0000      99.9500
  2025     9     11000   200/1200       17% 0.000135 0.000199      99.9983      99.8875
  2043     9     11100   300/1200       25% 0.001712 0.000092     100.0000     100.0000
  2062     9     11200   400/1200       33% 0.000082 0.000108      99.9983      99.9625
  2080     9     11300   500/1200       42% 0.000088 0.000103     100.0000      99.9500
  2099     9     11400   600/1200       50% 0.000119 0.000078     100.0000      99.9625
  2117     9     11500   700/1200       58% 0.000082 0.000098      99.9983      99.9375
  2135     9     11600   800/1200       67% 0.000054 0.000090      99.9983      99.9375
  2153     9     11700   900/1200       75% 0.000047 0.000079     100.0000      99.9625
  2172     9     11800  1000/1200       83% 0.000071 0.000079      99.9983      99.9625
  2190     9     11900  1100/1200       92% 0.000132 0.000050      99.9983      99.9750
  2208     9     12000  1200/1200      100% 0.000036 0.000057      99.9983      99.9500
EXP_END

