MARKER 20-1-(unsorted)
    10     0       100   100/1200        8% 0.813956 0.260567      50.0000      50.0000
    19     0       200   200/1200       17% 0.739494 0.561651      50.0000      50.0000
    28     0       300   300/1200       25% 0.680392 0.650977      50.0000      50.0000
    37     0       400   400/1200       33% 0.682016 0.697495      51.5767      49.5500
    46     0       500   500/1200       42% 0.686239 0.699625      51.5800      49.5500
    55     0       600   600/1200       50% 0.683851 0.699697      51.7767      49.5625
    64     0       700   700/1200       58% 0.678166 0.700320      51.7817      49.5625
    74     0       800   800/1200       67% 0.712593 0.690673      53.4200      49.1625
    83     0       900   900/1200       75% 0.676474 0.724387      51.3367      49.6250
    92     0      1000  1000/1200       83% 0.707726 0.708075      51.5817      49.5500
   102     0      1100  1100/1200       92% 0.690243 0.697788      51.5833      49.5500
   111     0      1200  1200/1200      100% 0.710102 0.685918      52.2833      49.4500
   120     1      1300   100/1200        8% 0.677082 0.699817      51.7833      49.5625
   129     1      1400   200/1200       17% 0.673567 0.693030      51.9500      49.4125
   139     1      1500   300/1200       25% 0.686008 0.685702      53.2267      49.3500
   148     1      1600   400/1200       33% 0.693570 0.708939      51.9500      49.4125
   157     1      1700   500/1200       42% 0.676871 0.740613      52.1150      49.4125
   167     1      1800   600/1200       50% 0.684537 0.703338      54.3267      48.9125
   176     1      1900   700/1200       58% 0.680992 0.726819      54.0083      49.0375
   185     1      2000   800/1200       67% 0.699925 0.683033      59.7450      48.1625
   194     1      2100   900/1200       75% 0.701643 0.780845      56.0267      48.7375
   203     1      2200  1000/1200       83% 0.664971 0.736941      60.4233      48.1250
   213     1      2300  1100/1200       92% 0.657956 0.806980      59.2450      48.0250
   222     1      2400  1200/1200      100% 0.660701 0.705747      61.6867      48.1625
   232     2      2500   100/1200        8% 0.679004 0.825295      60.1617      48.1125
   241     2      2600   200/1200       17% 0.605817 0.679416      62.1117      48.5750
   250     2      2700   300/1200       25% 0.659995 0.844930      60.5383      48.1625
   260     2      2800   400/1200       33% 0.673916 0.745600      61.7650      48.2625
   269     2      2900   500/1200       42% 0.729872 0.816468      61.2183      48.4000
   278     2      3000   600/1200       50% 0.677331 0.911061      60.2650      48.1750
   287     2      3100   700/1200       58% 0.620283 0.842208      61.2183      48.4000
   297     2      3200   800/1200       67% 0.562859 0.918587      60.2650      48.1750
   306     2      3300   900/1200       75% 0.693659 0.652909      62.0700      48.5875
   315     2      3400  1000/1200       83% 0.645917 0.772898      61.6583      48.3375
   325     2      3500  1100/1200       92% 0.654310 0.882025      60.8733      47.9500
   334     2      3600  1200/1200      100% 0.668012 0.754408      61.8833      48.4125
   343     3      3700   100/1200        8% 0.658838 0.798784      61.5683      48.1875
   353     3      3800   200/1200       17% 0.653326 0.900887      60.8800      48.0500
   362     3      3900   300/1200       25% 0.687393 0.838428      61.3417      48.1000
   371     3      4000   400/1200       33% 0.599011 0.807904      61.5700      48.1875
   381     3      4100   500/1200       42% 0.723579 0.905624      60.8733      47.9500
   390     3      4200   600/1200       50% 0.713075 0.782506      61.9033      48.4250
   400     3      4300   700/1200       58% 0.615830 0.678412      62.1033      48.6500
   410     3      4400   800/1200       67% 0.666644 0.878654      61.1250      48.2625
   419     3      4500   900/1200       75% 0.628909 0.800978      61.5767      48.1875
   429     3      4600  1000/1200       83% 0.634748 0.908745      60.8900      47.9500
   438     3      4700  1100/1200       92% 0.633559 0.805048      61.6967      48.3500
   447     3      4800  1200/1200      100% 0.708643 0.630898      61.9100      48.5875
   456     4      4900   100/1200        8% 0.685086 0.725926      62.3950      48.7125
   466     4      5000   200/1200       17% 0.580956 0.912347      63.9817      48.4000
   476     4      5100   300/1200       25% 0.624776 0.940886      65.0617      49.1250
   485     4      5200   400/1200       33% 0.645187 0.944667      64.5133      48.7750
   494     4      5300   500/1200       42% 0.608620 0.997841      64.2450      48.9375
   504     4      5400   600/1200       50% 0.615037 0.909321      65.2733      49.4875
   513     4      5500   700/1200       58% 0.589672 0.907003      64.8933      49.3000
   523     4      5600   800/1200       67% 0.542851 0.970988      64.7917      49.5125
   532     4      5700   900/1200       75% 0.562000 0.929101      65.3750      49.7875
   541     4      5800  1000/1200       83% 0.563972 0.889322      65.2667      49.6375
   551     4      5900  1100/1200       92% 0.559076 0.902947      65.1967      49.7000
   562     4      6000  1200/1200      100% 0.612009 0.931920      64.9900      49.8625
   571     5      6100   100/1200        8% 0.568080 1.019852      64.3350      49.1625
   581     5      6200   200/1200       17% 0.602300 0.926057      64.9367      49.6000
   590     5      6300   300/1200       25% 0.543957 0.844238      65.1283      50.0375
   600     5      6400   400/1200       33% 0.692021 0.928733      64.6450      49.5125
   610     5      6500   500/1200       42% 0.631867 0.995457      64.2833      49.2750
   619     5      6600   600/1200       50% 0.558345 0.843580      64.9767      49.9125
   628     5      6700   700/1200       58% 0.522018 0.914283      64.8483      49.8250
   638     5      6800   800/1200       67% 0.676763 0.902731      65.0667      49.8000
   647     5      6900   900/1200       75% 0.615573 0.974656      64.3550      49.2500
   656     5      7000  1000/1200       83% 0.639854 0.886429      64.9717      49.8125
   666     5      7100  1100/1200       92% 0.635721 0.966501      64.8633      49.6750
   675     5      7200  1200/1200      100% 0.670659 0.993360      64.9567      49.7875
   684     6      7300   100/1200        8% 0.604918 0.949564      64.4517      49.3125
   694     6      7400   200/1200       17% 0.656995 0.983205      64.4467      49.3250
   703     6      7500   300/1200       25% 0.527447 0.895691      65.2433      50.1125
   713     6      7600   400/1200       33% 0.549771 0.910713      64.8900      49.7875
   722     6      7700   500/1200       42% 0.625919 0.916713      64.8767      49.9750
   731     6      7800   600/1200       50% 0.679305 0.968225      64.4417      49.5000
   741     6      7900   700/1200       58% 0.548367 0.904051      65.0517      50.0000
   751     6      8000   800/1200       67% 0.610885 1.020346      64.8250      49.8750
   760     6      8100   900/1200       75% 0.635090 0.891721      65.1183      50.0000
   769     6      8200  1000/1200       83% 0.604458 0.913064      64.7900      49.7125
   778     6      8300  1100/1200       92% 0.592114 0.931770      65.0517      49.8375
   788     6      8400  1200/1200      100% 0.575223 1.000512      65.0400      49.9250
   797     7      8500   100/1200        8% 0.551178 0.881890      65.8700      50.5750
   806     7      8600   200/1200       17% 0.538405 0.966677      64.8350      49.7375
   816     7      8700   300/1200       25% 0.609935 0.960320      64.6283      49.4625
   825     7      8800   400/1200       33% 0.588370 0.920609      65.0650      49.9875
   834     7      8900   500/1200       42% 0.639444 1.010531      64.6050      49.6875
   844     7      9000   600/1200       50% 0.580346 0.973403      64.9650      49.9250
   854     7      9100   700/1200       58% 0.611539 0.897809      65.0367      50.0750
   863     7      9200   800/1200       67% 0.513383 0.967694      65.1067      50.0250
   872     7      9300   900/1200       75% 0.599406 0.855113      65.0717      50.4000
   881     7      9400  1000/1200       83% 0.498602 0.910233      64.8583      49.8375
   891     7      9500  1100/1200       92% 0.671279 1.006573      64.6367      49.7125
   900     7      9600  1200/1200      100% 0.622657 0.972834      64.7050      49.7500
   910     8      9700   100/1200        8% 0.673208 0.857559      66.3667      50.9250
   919     8      9800   200/1200       17% 0.649854 0.910628      65.0517      50.6375
   928     8      9900   300/1200       25% 0.555930 0.890976      65.2167      50.5625
   937     8     10000   400/1200       33% 0.561222 1.030429      62.9150      49.2500
   946     8     10100   500/1200       42% 0.618119 0.903485      64.8200      49.7500
   955     8     10200   600/1200       50% 0.668303 0.887098      66.3250      50.8125
   964     8     10300   700/1200       58% 0.626457 0.917725      64.8117      49.6375
   974     8     10400   800/1200       67% 0.565331 0.926493      65.1517      50.5500
   983     8     10500   900/1200       75% 0.573499 0.954888      64.9133      50.1875
   992     8     10600  1000/1200       83% 0.543456 0.901711      65.0633      50.5500
  1001     8     10700  1100/1200       92% 0.662012 1.034732      64.1667      49.9375
  1011     8     10800  1200/1200      100% 0.650622 0.866167      65.0633      50.7375
  1020     9     10900   100/1200        8% 0.661920 0.932695      65.2783      50.5875
  1029     9     11000   200/1200       17% 0.482910 0.906717      65.1933      50.1625
  1039     9     11100   300/1200       25% 0.635264 0.823076      65.1383      50.4500
  1048     9     11200   400/1200       33% 0.636305 0.880433      66.5450      51.0000
  1057     9     11300   500/1200       42% 0.535566 0.938761      64.9217      50.2000
  1067     9     11400   600/1200       50% 0.573572 0.887642      65.2600      50.6875
  1076     9     11500   700/1200       58% 0.606175 0.949893      65.1483      50.2875
  1085     9     11600   800/1200       67% 0.482016 0.953781      64.9750      50.1250
  1095     9     11700   900/1200       75% 0.572001 0.912986      64.9867      50.3875
  1105     9     11800  1000/1200       83% 0.623902 0.993838      62.2283      49.8250
  1114     9     11900  1100/1200       92% 0.565375 0.878458      64.9300      50.8250
  1124     9     12000  1200/1200      100% 0.601870 0.907081      65.5783      51.0250
EXP_END


MARKER 20-20-(unsorted)
   140     0       100   100/1200        8% 0.688585 0.744989      51.4283      49.5875
   253     0       200   200/1200       17% 0.686510 0.725041      53.1200      48.9000
   392     0       300   300/1200       25% 0.664285 0.577774      60.5067      49.3000
   516     0       400   400/1200       33% 0.705849 0.879859      60.4000      47.6375
   633     0       500   500/1200       42% 0.622628 0.578303      60.8667      49.9125
   752     0       600   600/1200       50% 0.643788 0.631958      61.9333      48.7500
   870     0       700   700/1200       58% 0.671344 0.633412      62.0717      48.8250
   995     0       800   800/1200       67% 0.683741 0.672946      62.1167      48.8875
  1105     0       900   900/1200       75% 0.678785 0.633594      62.0017      48.9125
  1220     0      1000  1000/1200       83% 0.634292 0.554326      61.4733      49.9250
  1349     0      1100  1100/1200       92% 0.639414 0.636321      62.0850      48.9625
  1450     0      1200  1200/1200      100% 0.693031 0.691003      62.2600      49.0625
  1566     1      1300   100/1200        8% 0.581849 0.724094      62.7567      48.7625
  1668     1      1400   200/1200       17% 0.635240 0.750095      64.4300      48.4500
  1783     1      1500   300/1200       25% 0.669573 1.185544      64.4600      48.2750
  1906     1      1600   400/1200       33% 0.651374 0.949239      67.4817      50.0375
  2008     1      1700   500/1200       42% 0.598841 0.827464      67.9367      57.7500
  2113     1      1800   600/1200       50% 0.517278 0.840461      69.7417      58.4375
  2206     1      1900   700/1200       58% 0.550436 1.056449      70.0100      61.4000
  2297     1      2000   800/1200       67% 0.640292 0.618066      61.2233      51.7625
  2389     1      2100   900/1200       75% 0.625777 0.652066      61.8483      51.3250
  2498     1      2200  1000/1200       83% 0.647153 0.576723      61.0250      51.6250
  2629     1      2300  1100/1200       92% 0.642418 0.651767      61.8433      51.8500
  2759     1      2400  1200/1200      100% 0.612777 0.566298      60.7800      51.5750
  2886     2      2500   100/1200        8% 0.662333 0.695370      62.2900      48.2000
  2983     2      2600   200/1200       17% 0.699021 0.727955      61.6517      47.8875
  3081     2      2700   300/1200       25% 0.609533 0.741075      62.1150      47.8000
  3209     2      2800   400/1200       33% 0.670111 0.731742      63.6400      48.1125
  3301     2      2900   500/1200       42% 0.670343 0.623325      63.9300      50.1625
  3408     2      3000   600/1200       50% 0.543039 0.803249      64.7583      49.6625
  3502     2      3100   700/1200       58% 0.586495 0.602960      64.4800      51.1875
  3594     2      3200   800/1200       67% 0.601123 0.615960      65.4233      51.8625
  3693     2      3300   900/1200       75% 0.596412 0.575439      65.6833      52.9375
  3792     2      3400  1000/1200       83% 0.779048 0.513694      58.9550      55.9875
  3890     2      3500  1100/1200       92% 0.518828 0.279979      70.6267      63.9875
  4021     2      3600  1200/1200      100% 0.616882 0.490174      68.1500      46.9625
  4141     3      3700   100/1200        8% 0.548685 0.506338      70.4050      46.4875
  4272     3      3800   200/1200       17% 0.560493 0.348214      71.9417      51.5750
  4376     3      3900   300/1200       25% 0.411388 0.227306      73.8067      51.5875
  4486     3      4000   400/1200       33% 0.585631 0.198087      74.1167      50.5750
  4590     3      4100   500/1200       42% 0.594547 0.267130      73.3350      51.1000
  4717     3      4200   600/1200       50% 0.474741 0.245752      85.2850      57.4625
  4831     3      4300   700/1200       58% 0.347810 0.201190      94.6483      60.9875
  4948     3      4400   800/1200       67% 0.199450 0.216688      95.4717      57.0875
  5075     3      4500   900/1200       75% 0.424134 0.650150      78.7600      46.3750
  5195     3      4600  1000/1200       83% 0.361937 0.425831      80.6250      62.1000
  5327     3      4700  1100/1200       92% 0.380454 0.565827      80.2383      67.5000
  5446     3      4800  1200/1200      100% 0.499379 0.750781      73.6933      70.1250
  5573     4      4900   100/1200        8% 0.361597 0.742216      80.9517      75.1500
  5685     4      5000   200/1200       17% 0.548553 0.644496      69.7117      59.5000
  5792     4      5100   300/1200       25% 0.453345 0.433446      75.2633      68.4750
  5904     4      5200   400/1200       33% 0.426310 0.348828      80.0450      54.4875
  6037     4      5300   500/1200       42% 0.402544 0.361711      83.6483      55.4500
  6152     4      5400   600/1200       50% 0.122653 0.363860      94.5467      60.3125
  6245     4      5500   700/1200       58% 0.446292 0.308291      84.0850      53.2750
  6341     4      5600   800/1200       67% 0.034660 0.461888      98.4583      64.1375
  6434     4      5700   900/1200       75% 0.511059 0.538320      78.3050      52.3375
  6562     4      5800  1000/1200       83% 0.046089 0.432131      98.2833      73.3000
  6697     4      5900  1100/1200       92% 0.054154 0.460484      98.7400      79.4625
  6789     4      6000  1200/1200      100% 0.371081 0.982149      80.5567      75.9375
  6932     5      6100   100/1200        8% 0.060097 0.522041      95.9533      79.0375
  7053     5      6200   200/1200       17% 0.116748 0.478384      97.7850      79.8125
  7156     5      6300   300/1200       25% 0.270486 0.524192      95.9850      78.4250
  7274     5      6400   400/1200       33% 0.149106 0.558103      98.0817      78.6375
  7388     5      6500   500/1200       42% 0.165039 0.531253      98.1283      70.9875
  7512     5      6600   600/1200       50% 0.090939 0.440089      99.0567      67.0000
  7631     5      6700   700/1200       58% 0.088262 0.492644      97.5667      84.1625
  7738     5      6800   800/1200       67% 0.109329 0.427272      98.2883      95.6375
  7847     5      6900   900/1200       75% 0.155448 0.495061      97.5850      95.0625
  7988     5      7000  1000/1200       83% 0.116544 0.580483      98.1150      87.9000
  8101     5      7100  1100/1200       92% 0.051045 0.394222      98.1983      83.0125
  8214     5      7200  1200/1200      100% 0.084544 0.471220      97.5667      94.4875
  8330     6      7300   100/1200        8% 0.015782 0.395087      98.7667      96.4125
  8442     6      7400   200/1200       17% 0.017019 0.392568      98.8217      77.9500
  8561     6      7500   300/1200       25% 0.012470 0.341769      99.1867      79.1375
  8692     6      7600   400/1200       33% 0.014743 0.563622      97.5983      82.7875
  8826     6      7700   500/1200       42% 0.027150 0.185424      99.3067      77.5250
  8963     6      7800   600/1200       50% 0.029540 0.198310      99.5850      78.4375
  9107     6      7900   700/1200       58% 0.097530 0.211957      99.1717      76.3375
  9229     6      8000   800/1200       67% 0.006467 0.181733      99.4700      66.5000
  9363     6      8100   900/1200       75% 0.169870 0.470144      94.9883      86.3625
  9493     6      8200  1000/1200       83% 0.034196 0.021223      98.7033      56.5625
  9602     6      8300  1100/1200       92% 0.021752 0.362620      97.9350      95.5375
  9710     6      8400  1200/1200      100% 0.019378 0.187076      99.1767      87.3375
  9818     7      8500   100/1200        8% 0.011706 0.193609      99.2167      89.5500
  9933     7      8600   200/1200       17% 0.011350 0.215490      99.3200      85.0625
 10037     7      8700   300/1200       25% 0.010487 0.214182      99.4050      73.5500
 10130     7      8800   400/1200       33% 0.010227 0.224950      99.5667      67.6750
 10223     7      8900   500/1200       42% 0.005192 0.219195      99.6083      75.1500
 10323     7      9000   600/1200       50% 0.070204 0.228066      99.4583      85.1375
 10441     7      9100   700/1200       58% 0.007089 0.227293      99.8083      70.5125
 10550     7      9200   800/1200       67% 0.398357 0.436463      99.2067      92.6125
 10662     7      9300   900/1200       75% 0.224442 0.250631      96.5267      71.0625
 10773     7      9400  1000/1200       83% 0.014941 0.466002      98.9100      63.5250
 10889     7      9500  1100/1200       92% 0.493721 0.857439      77.2650      66.7625
 11016     7      9600  1200/1200      100% 0.059153 0.385350      98.7617      75.3750
 11130     8      9700   100/1200        8% 0.029229 0.641490      98.3850      81.4500
 11274     8      9800   200/1200       17% 0.013872 0.370853      99.4067      86.8875
 11418     8      9900   300/1200       25% 0.010148 0.273248      99.6967      89.0125
 11538     8     10000   400/1200       33% 0.010223 0.276379      99.7517      89.5125
 11675     8     10100   500/1200       42% 0.004716 0.292449      99.7750      90.5250
 11786     8     10200   600/1200       50% 0.064775 0.421981      99.7300      88.6250
 11893     8     10300   700/1200       58% 0.007682 0.260758      99.7933      88.6750
 11999     8     10400   800/1200       67% 0.006218 0.282055      99.8033      90.2750
 12103     8     10500   900/1200       75% 0.004976 0.343814      99.7767      89.3250
 12237     8     10600  1000/1200       83% 0.004913 0.330523      99.8450      91.1875
 12358     8     10700  1100/1200       92% 0.002144 0.325570      99.8733      91.5125
 12464     8     10800  1200/1200      100% 0.001669 0.382156      99.8667      91.4500
 12556     9     10900   100/1200        8% 0.003130 0.386654      99.8750      91.6125
 12688     9     11000   200/1200       17% 0.002649 0.378776      99.9217      92.7875
 12785     9     11100   300/1200       25% 0.002331 0.412276      99.8500      91.1125
 12878     9     11200   400/1200       33% 0.001994 0.175974      99.9467      96.5125
 12994     9     11300   500/1200       42% 0.001581 0.210812      99.9483      97.0750
 13093     9     11400   600/1200       50% 0.003520 0.483098      99.7867      90.3750
 13208     9     11500   700/1200       58% 0.001441 0.250434      99.9067      98.0125
 13347     9     11600   800/1200       67% 0.000673 0.232419      99.9433      98.2750
 13451     9     11700   900/1200       75% 0.003552 0.010869      99.9517      76.8625
 13581     9     11800  1000/1200       83% 0.001093 0.222021      99.9250      65.9250
 13723     9     11900  1100/1200       92% 0.001522 0.399989      99.9033      68.5750
 13842     9     12000  1200/1200      100% 0.000884 0.263315      99.9217      74.6375
EXP_END
 
MARKER 20-50-(unsorted) 
    12     0       100   100/1200        8% 0.686363 0.679927      50.0000      50.0000
    24     0       200   200/1200       17% 0.678060 0.699311      52.4733      49.5000
    36     0       300   300/1200       25% 0.687774 0.714649      51.5633      49.5500
    49     0       400   400/1200       33% 0.712113 0.799445      60.7233      48.2500
    61     0       500   500/1200       42% 0.702735 0.833683      61.3183      48.2625
    73     0       600   600/1200       50% 0.684346 0.719574      61.9600      48.4750
    85     0       700   700/1200       58% 0.679272 0.570724      61.5050      50.7625
    97     0       800   800/1200       67% 0.673474 0.648177      62.1800      48.8125
   109     0       900   900/1200       75% 0.688900 0.561060      61.0517      51.3000
   121     0      1000  1000/1200       83% 0.656533 0.638581      61.9867      49.5375
   134     0      1100  1100/1200       92% 0.555918 0.726747      61.8350      48.4500
   146     0      1200  1200/1200      100% 0.558137 0.594927      62.1500      48.3375
   158     1      1300   100/1200        8% 0.584949 0.620776      62.0867      48.6750
   170     1      1400   200/1200       17% 0.605345 0.622618      62.0883      49.7500
   183     1      1500   300/1200       25% 0.605873 0.593418      62.2450      48.4875
   195     1      1600   400/1200       33% 0.649034 0.680535      60.8867      48.6125
   207     1      1700   500/1200       42% 0.653508 0.688917      61.1550      48.4625
   220     1      1800   600/1200       50% 0.644783 0.658346      62.4817      48.6375
   232     1      1900   700/1200       58% 0.597964 0.612128      62.6133      48.3500
   244     1      2000   800/1200       67% 0.574761 0.777982      61.1567      48.3250
   256     1      2100   900/1200       75% 0.740179 1.021782      50.0000      50.0000
   269     1      2200  1000/1200       83% 0.696853 0.763766      50.0000      50.0000
   281     1      2300  1100/1200       92% 0.684458 0.803602      50.0000      50.0000
   293     1      2400  1200/1200      100% 0.705170 0.759835      56.6883      48.7875
   305     2      2500   100/1200        8% 0.646778 0.679246      62.1267      48.5250
   318     2      2600   200/1200       17% 0.635431 0.590370      62.0167      49.3000
   330     2      2700   300/1200       25% 0.659391 0.717764      61.7600      48.3375
   342     2      2800   400/1200       33% 0.721616 0.673175      61.9733      48.6125
   354     2      2900   500/1200       42% 0.628671 0.667492      62.0850      48.6250
   367     2      3000   600/1200       50% 0.676281 0.842172      61.3750      48.0875
   379     2      3100   700/1200       58% 0.623943 0.714444      61.7967      48.4250
   391     2      3200   800/1200       67% 0.607189 0.695702      62.2167      48.8625
   403     2      3300   900/1200       75% 0.650075 0.859232      61.2700      48.1750
   415     2      3400  1000/1200       83% 0.706874 0.803122      62.1367      48.1125
   428     2      3500  1100/1200       92% 0.664180 0.763134      63.7733      48.3750
   440     2      3600  1200/1200      100% 0.662333 0.740225      64.8183      49.0625
   452     3      3700   100/1200        8% 0.615377 0.626691      64.1800      49.4625
   464     3      3800   200/1200       17% 0.484344 0.827144      66.5167      50.8625
   476     3      3900   300/1200       25% 0.640202 0.582625      61.2133      49.4625
   489     3      4000   400/1200       33% 0.650766 0.555051      62.2700      49.0375
   501     3      4100   500/1200       42% 0.594974 0.575624      65.1667      50.0375
   513     3      4200   600/1200       50% 0.557812 0.595755      67.1250      52.0250
   525     3      4300   700/1200       58% 0.511287 0.597232      65.5133      47.4875
   537     3      4400   800/1200       67% 0.573579 0.641778      69.7433      52.4625
   549     3      4500   900/1200       75% 0.652677 0.595721      65.1033      50.4000
   562     3      4600  1000/1200       83% 0.467091 0.351512      75.5050      55.7000
   574     3      4700  1100/1200       92% 0.508217 0.209350      74.7467      55.2625
   586     3      4800  1200/1200      100% 0.324598 0.874045      88.4050      72.2375
   599     4      4900   100/1200        8% 0.133773 0.548409      95.2517      67.8875
   611     4      5000   200/1200       17% 0.235965 0.255407      96.8167      74.1125
   623     4      5100   300/1200       25% 0.399609 0.238004      95.3350      86.1375
   635     4      5200   400/1200       33% 0.180293 0.238934      93.1383      70.5125
   648     4      5300   500/1200       42% 0.100630 0.462727      98.1817      80.3500
   660     4      5400   600/1200       50% 0.119666 0.885555      93.9667      81.3500
   672     4      5500   700/1200       58% 0.105274 1.173400      89.4033      78.5375
   684     4      5600   800/1200       67% 0.084813 0.699294      97.9900      83.8375
   696     4      5700   900/1200       75% 0.168297 0.821277      96.9200      82.4750
   708     4      5800  1000/1200       83% 0.009075 0.720000      98.5117      90.2125
   720     4      5900  1100/1200       92% 0.016070 0.187757      99.4083      89.5250
   733     4      6000  1200/1200      100% 0.063008 0.188255      99.7000      96.5000
   745     5      6100   100/1200        8% 0.099250 1.301680      97.4300      82.2625
   757     5      6200   200/1200       17% 0.016762 0.273341      99.3833      92.0250
   769     5      6300   300/1200       25% 0.012311 0.305655      99.5650      92.2875
   781     5      6400   400/1200       33% 0.025535 1.140485      99.0117      89.5875
   793     5      6500   500/1200       42% 0.030062 0.202338      99.8617      95.4625
   805     5      6600   600/1200       50% 0.009334 0.217974      99.8033      96.1625
   817     5      6700   700/1200       58% 0.013547 0.207456      99.7583      95.6875
   829     5      6800   800/1200       67% 0.008815 0.112989      99.8633      97.2250
   841     5      6900   900/1200       75% 0.006891 0.115641      99.7783      97.3750
   853     5      7000  1000/1200       83% 0.089070 0.112833      99.8083      97.2250
   865     5      7100  1100/1200       92% 0.038840 0.114675      99.8767      97.7500
   877     5      7200  1200/1200      100% 0.003820 0.127790      99.7783      96.8000
   889     6      7300   100/1200        8% 0.018289 0.124020      99.9683      98.3375
   901     6      7400   200/1200       17% 0.173064 0.766620      99.3550      91.5500
   913     6      7500   300/1200       25% 0.002865 0.119565      99.8867      98.3125
   925     6      7600   400/1200       33% 0.002241 0.127918      99.8800      97.2500
   937     6      7700   500/1200       42% 0.002921 0.128953      99.8300      97.3125
   949     6      7800   600/1200       50% 0.025024 0.084647      99.0367      97.3000
   961     6      7900   700/1200       58% 0.004743 0.106300      99.8350      99.1875
   973     6      8000   800/1200       67% 0.002831 0.109486      99.8867      98.4125
   985     6      8100   900/1200       75% 0.002211 0.116857      99.9017      98.3750
   997     6      8200  1000/1200       83% 0.001670 0.125643      99.9833      99.2500
  1009     6      8300  1100/1200       92% 0.001578 0.135724      99.9783      98.8000
  1021     6      8400  1200/1200      100% 0.004794 0.143731      99.6200      91.7000
  1033     7      8500   100/1200        8% 0.001872 0.133177      99.8583      99.3250
  1046     7      8600   200/1200       17% 0.003952 0.119512      99.9683      99.7000
  1057     7      8700   300/1200       25% 0.029639 0.134440      99.9650      99.6500
  1070     7      8800   400/1200       33% 0.000956 0.230000      99.8783      95.6875
  1082     7      8900   500/1200       42% 0.001958 0.030416      99.9833      99.7625
  1094     7      9000   600/1200       50% 0.000630 0.047186      99.9850      99.5625
  1106     7      9100   700/1200       58% 0.003219 0.145384      99.9883      99.3750
  1118     7      9200   800/1200       67% 0.002006 0.145407      99.9900      99.5000
  1130     7      9300   900/1200       75% 0.000370 0.000666      99.9833      99.7625
  1142     7      9400  1000/1200       83% 0.000790 0.146300      99.9917      99.6125
  1154     7      9500  1100/1200       92% 0.000420 0.170253      99.9900      99.1875
  1166     7      9600  1200/1200      100% 0.000172 0.170700      99.9900      99.0125
  1178     8      9700   100/1200        8% 0.000433 0.164245      99.9900      99.0000
  1190     8      9800   200/1200       17% 0.000240 0.168336      99.9900      98.4625
  1202     8      9900   300/1200       25% 0.000371 0.000302      99.9933      93.3500
  1214     8     10000   400/1200       33% 0.000609 0.271940      99.8950      95.3000
  1226     8     10100   500/1200       42% 0.000444 0.158502      99.8983      97.4375
  1238     8     10200   600/1200       50% 0.000480 0.147250      99.8983      97.0625
  1250     8     10300   700/1200       58% 0.000905 0.151184      99.8983      96.5875
  1262     8     10400   800/1200       67% 0.001078 0.000952      99.9917      98.9500
  1274     8     10500   900/1200       75% 0.000409 0.000501      99.9933      99.0500
  1286     8     10600  1000/1200       83% 0.000490 0.001423      99.9900      98.3000
  1298     8     10700  1100/1200       92% 0.000485 0.011480      99.9900      97.8875
  1310     8     10800  1200/1200      100% 0.000164 0.065351      99.9900      97.7000
  1323     9     10900   100/1200        8% 0.000162 0.129024      99.9900      97.5750
  1335     9     11000   200/1200       17% 0.000370 0.141248      99.9900      97.7500
  1347     9     11100   300/1200       25% 0.000139 0.000386      99.9867      98.6750
  1359     9     11200   400/1200       33% 0.396436 0.377286      87.1917      76.0500
  1371     9     11300   500/1200       42% 0.105592 0.152049      99.2417      85.0125
  1383     9     11400   600/1200       50% 0.017311 0.100061      99.5517      85.2000
  1395     9     11500   700/1200       58% 0.029066 0.094291      99.3467      89.8250
  1407     9     11600   800/1200       67% 0.021506 0.105453      99.8133      92.6375
  1419     9     11700   900/1200       75% 0.005231 0.112351      99.7667      90.7875
  1431     9     11800  1000/1200       83% 0.012329 0.112921      99.7517      85.5625
  1443     9     11900  1100/1200       92% 0.008732 0.112235      99.9100      95.5500
  1455     9     12000  1200/1200      100% 0.001670 0.120797      99.9383      94.6750
EXP_END

MARKER 20-100-(unsorted)
   315     0       100   100/1200        8% 0.679571 0.669033      50.0000      50.0000
   600     0       200   200/1200       17% 0.715940 0.807863      50.0133      50.0125
   971     0       300   300/1200       25% 0.693982 0.629914      50.0000      50.0000
  1251     0       400   400/1200       33% 0.701430 0.691756      53.6033      48.9250
  1541     0       500   500/1200       42% 0.685823 0.672478      50.0000      50.0000
  1918     0       600   600/1200       50% 0.610443 0.731383      62.0150      48.2750
  2197     0       700   700/1200       58% 0.652551 0.841801      61.1833      48.1000
  2479     0       800   800/1200       67% 0.624553 0.747669      60.5683      48.0000
  2865     0       900   900/1200       75% 0.701548 0.630653      61.5450      51.2625
  3149     0      1000  1000/1200       83% 0.596964 0.694354      62.0750      50.4750
  3429     0      1100  1100/1200       92% 0.684585 0.678297      61.8233      51.6625
  3813     0      1200  1200/1200      100% 0.646334 0.719902      62.2700      49.8875
  4087     1      1300   100/1200        8% 0.678682 0.715996      63.9650      51.6750
  4439     1      1400   200/1200       17% 0.743877 0.653417      56.9150      52.1125
  4814     1      1500   300/1200       25% 0.623929 0.756107      63.7600      54.4125
  5095     1      1600   400/1200       33% 0.524508 0.737166      61.5983      51.2375
  5371     1      1700   500/1200       42% 0.551009 0.435002      64.4883      52.3500
  5651     1      1800   600/1200       50% 0.621058 0.445693      63.6433      58.1500
  5937     1      1900   700/1200       58% 0.547693 0.400433      67.7833      53.6375
  6218     1      2000   800/1200       67% 0.519079 0.655695      63.5617      53.0375
  6501     1      2100   900/1200       75% 0.496599 0.423214      65.9233      53.4500
  6886     1      2200  1000/1200       83% 0.570187 0.357118      66.4183      51.6000
  7170     1      2300  1100/1200       92% 0.457503 0.346306      73.2650      54.0875
  7452     1      2400  1200/1200      100% 0.634850 0.572697      65.6717      54.7125
  7834     2      2500   100/1200        8% 0.620065 0.541679      66.0550      54.4375
  8155     2      2600   200/1200       17% 0.476610 0.412417      66.0017      54.2500
  8539     2      2700   300/1200       25% 0.612612 0.492066      63.0050      57.0000
  8822     2      2800   400/1200       33% 0.557178 0.379359      63.9000      51.0250
  9166     2      2900   500/1200       42% 0.567932 0.341113      67.7350      53.9000
  9553     2      3000   600/1200       50% 0.622683 0.109660      73.5300      59.8000
  9936     2      3100   700/1200       58% 0.505463 0.125527      73.3900      71.0875
 10222     2      3200   800/1200       67% 0.468133 0.044751      73.1167      60.4125
 10606     2      3300   900/1200       75% 0.516216 0.155707      71.3917      70.1125
 10993     2      3400  1000/1200       83% 0.369296 0.095977      75.5567      67.9750
 11280     2      3500  1100/1200       92% 0.096185 0.023114      96.8983      47.1625
 11668     2      3600  1200/1200      100% 0.026020 0.024670      98.8100      52.9000
 11999     3      3700   100/1200        8% 0.008977 0.020038      99.8367      43.7375
 12286     3      3800   200/1200       17% 0.009869 0.023406      99.9183      43.3875
 12572     3      3900   300/1200       25% 0.569389 0.494617      62.1417      50.0000
 12961     3      4000   400/1200       33% 0.470169 0.403090      68.9117      56.2250
 13249     3      4100   500/1200       42% 0.520437 0.159394      74.2117      55.3250
 13597     3      4200   600/1200       50% 0.548083 0.092260      75.8400      54.3625
 13959     3      4300   700/1200       58% 0.471444 0.025635      87.3433      48.6125
 14249     3      4400   800/1200       67% 0.431365 0.040124      80.1917      50.0000
 14541     3      4500   900/1200       75% 0.246417 0.060235      86.9500      58.3000
 14829     3      4600  1000/1200       83% 0.145546 0.046427      86.9167      79.1500
 15116     3      4700  1100/1200       92% 0.328046 0.044233      86.9633      83.7000
 15497     3      4800  1200/1200      100% 0.099593 0.013617      98.9983      65.0125
 15795     4      4900   100/1200        8% 0.009702 0.004645      99.8200      72.7625
 16083     4      5000   200/1200       17% 0.005720 0.001461      99.8367      64.8375
 16371     4      5100   300/1200       25% 0.004299 0.001805      99.8600      73.3875
 16730     4      5200   400/1200       33% 0.007493 0.000966      99.1700      64.8375
 17020     4      5300   500/1200       42% 0.333876 0.030753      87.0000      78.0875
 17411     4      5400   600/1200       50% 0.017235 0.006161      99.8467      97.1750
 17781     4      5500   700/1200       58% 0.011544 0.004822      99.8883      82.2875
 18162     4      5600   800/1200       67% 0.026284 0.002052      99.9967      68.4750
 18487     4      5700   900/1200       75% 0.004985 0.003225      99.9617      99.9750
 18870     4      5800  1000/1200       83% 0.008282 0.002863      99.9950      99.5750
 19337     4      5900  1100/1200       92% 0.003229 0.002641      99.9933      99.9750
 19877     4      6000  1200/1200      100% 0.000721 0.002534      99.9900      99.9625
 20466     5      6100   100/1200        8% 0.001309 0.002172      99.9667      99.9625
 21013     5      6200   200/1200       17% 0.000830 0.001520      99.9933      99.9750
 21536     5      6300   300/1200       25% 0.002778 0.002158      99.9917      93.1250
 22049     5      6400   400/1200       33% 0.000595 0.001663      99.9950      99.9750
 22508     5      6500   500/1200       42% 0.001370 0.001385      99.9750      99.9750
 22984     5      6600   600/1200       50% 0.000950 0.001384      99.9667      99.9625
 23546     5      6700   700/1200       58% 0.000971 0.001240      99.9100      99.9625
 24095     5      6800   800/1200       67% 0.012175 0.017249      99.8600      99.5750
 24565     5      6900   900/1200       75% 0.005121 0.005919      99.8983      99.8250
 25054     5      7000  1000/1200       83% 0.003098 0.005288      99.9783      98.8625
 25538     5      7100  1100/1200       92% 0.001405 0.003895      99.9750      99.9000
 26009     5      7200  1200/1200      100% 0.002080 0.003551      99.9750      99.9000
 26474     6      7300   100/1200        8% 0.000946 0.002159     100.0000      99.9875
 26935     6      7400   200/1200       17% 0.000774 0.002141     100.0000      99.9875
 27395     6      7500   300/1200       25% 0.017080 0.002303     100.0000      99.9875
 27853     6      7600   400/1200       33% 0.001040 0.002406      99.9750      99.8375
 28308     6      7700   500/1200       42% 0.623272 0.085938      86.0367      86.0500
 28767     6      7800   600/1200       50% 0.475243 0.045587      87.3750      77.5500
 29233     6      7900   700/1200       58% 0.008823 0.029934      99.8167      89.1875
 29845     6      8000   800/1200       67% 0.003098 0.051328      99.8783      99.7125
 30459     6      8100   900/1200       75% 0.001744 0.034195      99.8750      99.7125
 31031     6      8200  1000/1200       83% 0.000823 0.026345      99.9267      86.0625
 31487     6      8300  1100/1200       92% 0.000931 0.000697      99.9033      99.9000
 31950     6      8400  1200/1200      100% 0.001368 0.033985      99.9033      99.8875
 32409     7      8500   100/1200        8% 0.001286 0.002803      99.9983      91.4750
 32872     7      8600   200/1200       17% 0.000919 0.002884      99.9983      99.9000
 33335     7      8700   300/1200       25% 0.000575 0.002926      99.9983      99.9000
 33794     7      8800   400/1200       33% 0.000371 0.002967      99.9967      99.8875
 34252     7      8900   500/1200       42% 0.000302 0.003365      99.9967      99.8875
 34719     7      9000   600/1200       50% 0.000308 0.003181      99.9967      99.8875
 35176     7      9100   700/1200       58% 0.000293 0.003033      99.9967      99.8875
 35638     7      9200   800/1200       67% 0.000205 0.002848      99.9967      99.8875
 36110     7      9300   900/1200       75% 0.000147 0.002658      99.9967      99.8875
 36591     7      9400  1000/1200       83% 0.000161 0.001956      99.9983      99.9000
 37045     7      9500  1100/1200       92% 0.000226 0.001020      99.9983      99.9250
 37509     7      9600  1200/1200      100% 0.000189 0.001444      99.9983      99.9000
 37966     8      9700   100/1200        8% 0.000167 0.001474      99.9983      99.9000
 38424     8      9800   200/1200       17% 0.000107 0.001419      99.9983      99.9000
 38879     8      9900   300/1200       25% 0.000084 0.001407      99.9983      99.9000
 39341     8     10000   400/1200       33% 0.000065 0.001376      99.9983      99.9000
 39821     8     10100   500/1200       42% 0.000058 0.001092      99.9983      99.9000
 40365     8     10200   600/1200       50% 0.000090 0.001057      99.9983      99.9000
 40887     8     10300   700/1200       58% 0.000057 0.001015      99.9983      99.9000
 41408     8     10400   800/1200       67% 0.000068 0.001016      99.9983      99.9000
 41959     8     10500   900/1200       75% 0.000033 0.000926      99.9983      99.9000
 42468     8     10600  1000/1200       83% 0.000122 0.001692      99.9967      99.8625
 43044     8     10700  1100/1200       92% 0.000075 0.000516      99.9983      99.9250
 43585     8     10800  1200/1200      100% 0.000049 0.000173      99.9983      99.9500
 44128     9     10900   100/1200        8% 0.000094 0.000124      99.9983      99.9625
 44659     9     11000   200/1200       17% 0.000110 0.000110     100.0000      99.9500
 45213     9     11100   300/1200       25% 0.000043 0.000143     100.0000      99.9500
 45728     9     11200   400/1200       33% 0.000049 0.000165     100.0000      99.9500
 46241     9     11300   500/1200       42% 0.000037 0.000286     100.0000      99.9375
 46730     9     11400   600/1200       50% 0.000092 0.000300     100.0000      99.9375
 47232     9     11500   700/1200       58% 0.000031 0.000314     100.0000      99.9375
 47722     9     11600   800/1200       67% 0.000070 0.000323     100.0000      99.9250
 48190     9     11700   900/1200       75% 0.000040 0.000308     100.0000      99.9250
 48715     9     11800  1000/1200       83% 0.000018 0.000310     100.0000      99.9250
 49297     9     11900  1100/1200       92% 0.000022 0.000308     100.0000      99.9250
 EXP_END

