MARKER 100-30000
     9    49       100     2/2         100% 0.717409 0.718497      54.0000      48.9375
    17    99       200     2/2         100% 0.709628 0.730398      61.0000      48.3875
    26   149       300     2/2         100% 0.670007 0.639264      54.0000      50.3500
    34   199       400     2/2         100% 0.654672 0.703317      53.0000      49.0000
    43   249       500     2/2         100% 0.659052 0.693682      53.0000      50.6500
    51   299       600     2/2         100% 0.692709 0.693229      53.0000      50.3375
    59   349       700     2/2         100% 0.674229 0.685615      52.0000      50.6250
    68   399       800     2/2         100% 0.673845 0.678914      53.0000      50.4750
    76   449       900     2/2         100% 0.672391 0.635713      53.0000      50.5625
    85   499      1000     2/2         100% 0.678863 0.707961      54.0000      48.8500
    93   549      1100     2/2         100% 0.666599 0.699343      54.0000      48.8500
   102   599      1200     2/2         100% 0.677146 0.697535      53.0000      49.0000
   110   649      1300     2/2         100% 0.739380 0.687965      53.0000      50.3375
   119   699      1400     2/2         100% 0.704594 0.686364      53.0000      50.5125
   127   749      1500     2/2         100% 0.701873 0.706092      54.0000      48.8375
   136   799      1600     2/2         100% 0.708943 0.718053      54.0000      48.8500
   144   849      1700     2/2         100% 0.682259 0.724977      54.0000      48.8250
   153   899      1800     2/2         100% 0.648277 0.693950      54.0000      50.5625
   161   949      1900     2/2         100% 0.660221 0.688200      52.0000      50.6250
   170   999      2000     2/2         100% 0.659459 0.684821      53.0000      50.2750
   178  1049      2100     2/2         100% 0.675863 0.690607      53.0000      50.4250
   187  1099      2200     2/2         100% 0.668741 0.699565      53.0000      49.0000
   195  1149      2300     2/2         100% 0.659359 0.699313      54.0000      48.8500
   203  1199      2400     2/2         100% 0.684715 0.687343      52.0000      50.5000
   211  1249      2500     2/2         100% 0.650740 0.700062      53.0000      49.0000
   220  1299      2600     2/2         100% 0.683737 0.693930      53.0000      50.3750
   228  1349      2700     2/2         100% 0.672062 0.683447      53.0000      50.4875
   237  1399      2800     2/2         100% 0.635723 0.687118      53.0000      50.4750
   245  1449      2900     2/2         100% 0.674780 0.709333      53.0000      49.0000
   254  1499      3000     2/2         100% 0.650285 0.691769      52.0000      50.5875
   262  1549      3100     2/2         100% 0.629796 0.692851      53.0000      50.2625
   270  1599      3200     2/2         100% 0.680964 0.694992      57.0000      48.2875
   279  1649      3300     2/2         100% 0.680822 0.664925      53.0000      50.4875
   287  1699      3400     2/2         100% 0.662681 0.703653      53.0000      49.0000
   296  1749      3500     2/2         100% 0.732382 0.711194      54.0000      48.7875
   304  1799      3600     2/2         100% 0.650731 0.701897      54.0000      48.8375
   313  1849      3700     2/2         100% 0.677205 0.679154      53.0000      50.4750
   321  1899      3800     2/2         100% 0.654020 0.700469      54.0000      48.8000
   330  1949      3900     2/2         100% 0.651403 0.703045      53.0000      49.0000
   338  1999      4000     2/2         100% 0.663113 0.700132      53.0000      49.0000
   347  2049      4100     2/2         100% 0.663325 0.688133      53.0000      50.3375
   355  2099      4200     2/2         100% 0.651814 0.698313      54.0000      48.8500
   364  2149      4300     2/2         100% 0.657865 0.708898      54.0000      48.8125
   372  2199      4400     2/2         100% 0.672218 0.696592      53.0000      49.0000
   380  2249      4500     2/2         100% 0.673103 0.710160      52.0000      49.0000
   389  2299      4600     2/2         100% 0.680565 0.696538      54.0000      48.8500
   397  2349      4700     2/2         100% 0.669858 0.689963      53.0000      50.6000
   406  2399      4800     2/2         100% 0.661731 0.702730      54.0000      48.8375
   414  2449      4900     2/2         100% 0.656621 0.705636      54.0000      48.8500
   423  2499      5000     2/2         100% 0.674143 0.702102      54.0000      48.8375
   431  2549      5100     2/2         100% 0.665578 0.703428      53.0000      49.1125
   440  2599      5200     2/2         100% 0.645593 0.708709      53.0000      49.1125
   448  2649      5300     2/2         100% 0.668639 0.679103      53.0000      50.5125
   456  2699      5400     2/2         100% 0.671810 0.687521      53.0000      50.4375
   465  2749      5500     2/2         100% 0.666781 0.702084      52.0000      49.0500
   473  2799      5600     2/2         100% 0.652806 0.684130      54.0000      50.4250
   482  2849      5700     2/2         100% 0.666715 0.734346      54.0000      48.8375
   490  2899      5800     2/2         100% 0.693585 0.687680      54.0000      50.3000
   499  2949      5900     2/2         100% 0.654253 0.686947      54.0000      50.2750
   507  2999      6000     2/2         100% 0.653810 0.709851      54.0000      48.8250
   516  3049      6100     2/2         100% 0.654960 0.703963      54.0000      48.9250
   524  3099      6200     2/2         100% 0.643065 0.677985      55.0000      50.2125
   533  3149      6300     2/2         100% 0.661932 0.703346      53.0000      49.1125
   541  3199      6400     2/2         100% 0.642572 0.693267      54.0000      48.7375
   549  3249      6500     2/2         100% 0.645352 0.703549      58.0000      48.7125
   558  3299      6600     2/2         100% 0.635428 0.697522      60.0000      50.3750
   566  3349      6700     2/2         100% 0.710624 0.680614      55.0000      50.1875
   574  3399      6800     2/2         100% 0.674145 0.706503      57.0000      48.2375
   583  3449      6900     2/2         100% 0.686270 0.706620      62.0000      48.3000
   591  3499      7000     2/2         100% 0.670634 0.680574      53.0000      50.4375
   600  3549      7100     2/2         100% 0.664443 0.717240      53.0000      49.0000
   608  3599      7200     2/2         100% 0.668029 0.697361      53.0000      49.0000
   616  3649      7300     2/2         100% 0.683019 0.693318      52.0000      48.6125
   625  3699      7400     2/2         100% 0.679189 0.692820      53.0000      50.5875
   633  3749      7500     2/2         100% 0.680879 0.693775      53.0000      48.5500
   642  3799      7600     2/2         100% 0.666062 0.697914      52.0000      50.5875
   650  3849      7700     2/2         100% 0.674687 0.684170      54.0000      50.4000
   659  3899      7800     2/2         100% 0.664691 0.705245      54.0000      48.7750
   667  3949      7900     2/2         100% 0.716322 0.680067      52.0000      50.7875
   676  3999      8000     2/2         100% 0.661124 0.726616      58.0000      48.6000
   684  4049      8100     2/2         100% 0.668769 0.696113      55.0000      48.6750
   693  4099      8200     2/2         100% 0.667610 0.686347      55.0000      50.5250
   701  4149      8300     2/2         100% 0.637924 0.704281      56.0000      48.7625
   709  4199      8400     2/2         100% 0.670182 0.680035      55.0000      50.5750
   718  4249      8500     2/2         100% 0.658406 0.703925      58.0000      48.5750
   726  4299      8600     2/2         100% 0.654068 0.703830      57.0000      48.2500
   735  4349      8700     2/2         100% 0.630055 0.666925      55.0000      50.6750
   743  4399      8800     2/2         100% 0.665137 0.695610      57.0000      48.2000
   752  4449      8900     2/2         100% 0.663172 0.710282      61.0000      48.2875
   760  4499      9000     2/2         100% 0.733986 0.718933      64.0000      48.2375
   769  4549      9100     2/2         100% 0.649656 0.683269      58.0000      50.2000
   777  4599      9200     2/2         100% 0.648692 0.633979      54.0000      50.3125
   786  4649      9300     2/2         100% 0.661794 0.696386      52.0000      48.5000
   794  4699      9400     2/2         100% 0.651109 0.704243      56.0000      48.5750
   802  4749      9500     2/2         100% 0.645097 0.688163      57.0000      48.2750
   811  4799      9600     2/2         100% 0.653911 0.713333      40.0000      52.0875
   819  4849      9700     2/2         100% 0.681257 0.705048      56.0000      48.6875
   828  4899      9800     2/2         100% 0.640496 0.694865      57.0000      49.2750
   836  4949      9900     2/2         100% 0.675164 0.713396      62.0000      50.6250
   845  4999     10000     2/2         100% 0.658064 0.667919      50.0000      50.3125
   853  5049     10100     2/2         100% 0.680839 0.697062      62.0000      48.9750
   861  5099     10200     2/2         100% 0.629732 0.708884      61.0000      48.4375
   870  5149     10300     2/2         100% 0.662856 0.694912      58.0000      48.2500
   878  5199     10400     2/2         100% 0.697438 0.712044      54.0000      48.8750
   887  5249     10500     2/2         100% 0.675708 0.700339      55.0000      48.8250
   895  5299     10600     2/2         100% 0.704206 0.702577      55.0000      49.0125
   903  5349     10700     2/2         100% 0.682998 0.694007      57.0000      48.6875
   912  5399     10800     2/2         100% 0.667378 0.698574      57.0000      48.7125
   920  5449     10900     2/2         100% 0.680550 0.717202      56.0000      48.8750
   928  5499     11000     2/2         100% 0.671402 0.714722      59.0000      49.1875
   937  5549     11100     2/2         100% 0.689610 0.703805      59.0000      48.6625
   945  5599     11200     2/2         100% 0.624767 0.706874      62.0000      48.3000
   954  5649     11300     2/2         100% 0.734079 0.682721      56.0000      50.3375
   962  5699     11400     2/2         100% 0.633032 0.699524      55.0000      48.8500
   970  5749     11500     2/2         100% 0.608260 0.687622      56.0000      50.2500
   979  5799     11600     2/2         100% 0.787193 0.700772      53.0000      50.9000
   987  5849     11700     2/2         100% 0.619746 0.707003      57.0000      48.7125
   996  5899     11800     2/2         100% 0.631750 0.711879      60.0000      48.3250
  1004  5949     11900     2/2         100% 0.635431 0.725188      63.0000      49.0000
  1013  5999     12000     2/2         100% 0.653239 0.720816      59.0000      48.4000
  1021  6049     12100     2/2         100% 0.647340 0.707658      58.0000      48.5625
  1030  6099     12200     2/2         100% 0.600811 0.732594      67.0000      48.2125
  1038  6149     12300     2/2         100% 0.647568 0.716559      52.0000      50.6500
  1046  6199     12400     2/2         100% 0.716079 0.719913      57.0000      48.6125
  1055  6249     12500     2/2         100% 0.653415 0.703160      56.0000      50.2125
  1063  6299     12600     2/2         100% 0.685627 0.687381      53.0000      50.8875
  1072  6349     12700     2/2         100% 0.614003 0.715070      58.0000      50.5625
  1080  6399     12800     2/2         100% 0.672303 0.721944      55.0000      50.5875
  1089  6449     12900     2/2         100% 0.699260 0.739139      59.0000      48.7125
  1097  6499     13000     2/2         100% 0.633905 0.736461      60.0000      48.6875
  1106  6549     13100     2/2         100% 0.629428 0.718252      57.0000      50.3625
  1114  6599     13200     2/2         100% 0.674149 0.740087      58.0000      48.6625
  1122  6649     13300     2/2         100% 0.598940 0.716224      59.0000      48.7250
  1131  6699     13400     2/2         100% 0.610995 0.730261      59.0000      48.6250
  1139  6749     13500     2/2         100% 0.712904 0.724977      58.0000      48.4000
  1148  6799     13600     2/2         100% 0.663109 0.678913      55.0000      50.1750
  1156  6849     13700     2/2         100% 0.634135 0.763637      73.0000      48.5875
  1164  6899     13800     2/2         100% 0.515289 0.898636      75.0000      49.3000
  1173  6949     13900     2/2         100% 0.566610 1.501137      78.0000      49.2000
  1181  6999     14000     2/2         100% 0.525604 1.730252      76.0000      49.8875
  1190  7049     14100     2/2         100% 0.628401 1.726765      68.0000      49.6000
  1198  7099     14200     2/2         100% 0.447689 1.697318      75.0000      49.1375
  1207  7149     14300     2/2         100% 0.433531 1.917190      75.0000      49.7500
  1215  7199     14400     2/2         100% 0.565024 1.592139      74.0000      49.3000
  1223  7249     14500     2/2         100% 0.500618 2.054473      77.0000      50.0750
  1232  7299     14600     2/2         100% 0.457833 2.328282      76.0000      50.6125
  1240  7349     14700     2/2         100% 0.342423 2.388127      75.0000      50.4000
  1249  7399     14800     2/2         100% 0.494817 1.050480      75.0000      51.4625
  1257  7449     14900     2/2         100% 0.495047 2.014389      77.0000      50.1875
  1266  7499     15000     2/2         100% 0.329092 2.369400      78.0000      61.9750
  1274  7549     15100     2/2         100% 0.335047 2.527806      74.0000      51.1875
  1283  7599     15200     2/2         100% 0.503142 1.936535      76.0000      49.1500
  1291  7649     15300     2/2         100% 0.470267 2.416566      78.0000      49.9500
  1299  7699     15400     2/2         100% 0.283339 1.630860      84.0000      50.7250
  1308  7749     15500     2/2         100% 0.296123 1.343329      88.0000      46.3750
  1316  7799     15600     2/2         100% 0.271631 1.373258      84.0000      45.0875
  1325  7849     15700     2/2         100% 0.416176 2.726317      76.0000      58.3125
  1333  7899     15800     2/2         100% 0.347119 3.058969      79.0000      63.4750
  1341  7949     15900     2/2         100% 0.325720 3.230252      83.0000      64.0750
  1350  7999     16000     2/2         100% 0.394123 2.475822      80.0000      61.5375
  1358  8049     16100     2/2         100% 0.279914 2.855202      84.0000      61.2500
  1367  8099     16200     2/2         100% 0.251047 3.026333      87.0000      61.9500
  1375  8149     16300     2/2         100% 0.237040 2.730434      85.0000      67.1000
  1384  8199     16400     2/2         100% 0.228947 2.830553      85.0000      62.2000
  1392  8249     16500     2/2         100% 0.252925 3.108254      85.0000      64.2375
  1401  8299     16600     2/2         100% 0.265624 3.045197      87.0000      62.9000
  1409  8349     16700     2/2         100% 0.271283 3.430587      86.0000      62.3375
  1418  8399     16800     2/2         100% 0.285574 2.954228      87.0000      63.1000
  1426  8449     16900     2/2         100% 0.483772 0.811854      78.0000      47.5125
  1435  8499     17000     2/2         100% 0.384208 1.187101      78.0000      46.7875
  1443  8549     17100     2/2         100% 0.202700 1.491697      89.0000      46.4375
  1452  8599     17200     2/2         100% 0.270086 1.385614      90.0000      45.9250
  1460  8649     17300     2/2         100% 0.211772 0.969802      90.0000      48.0125
  1469  8699     17400     2/2         100% 0.213388 1.224147      92.0000      48.4500
  1477  8749     17500     2/2         100% 0.163310 1.235141      95.0000      50.7000
  1486  8799     17600     2/2         100% 0.199679 0.506088      94.0000      51.9625
  1494  8849     17700     2/2         100% 0.154901 0.903509      90.0000      54.6375
  1502  8899     17800     2/2         100% 0.124771 0.960988      94.0000      54.8375
  1511  8949     17900     2/2         100% 0.104573 0.933172      95.0000      53.3875
  1519  8999     18000     2/2         100% 0.149771 0.960079      93.0000      48.2875
  1528  9049     18100     2/2         100% 0.203641 0.746059      93.0000      52.3375
  1536  9099     18200     2/2         100% 0.188352 1.528663      86.0000      60.5625
  1545  9149     18300     2/2         100% 0.172361 0.931114      93.0000      49.4125
  1553  9199     18400     2/2         100% 0.343809 1.623360      88.0000      63.8750
  1562  9249     18500     2/2         100% 0.108533 1.930301      96.0000      53.7500
  1570  9299     18600     2/2         100% 0.585159 3.500929      84.0000      74.5750
  1578  9349     18700     2/2         100% 0.160944 0.883477      93.0000      51.9125
  1587  9399     18800     2/2         100% 0.167738 0.673493      95.0000      48.4000
  1595  9449     18900     2/2         100% 0.116829 0.467632      93.0000      45.5625
  1604  9499     19000     2/2         100% 0.116241 0.431150      96.0000      45.9125
  1612  9549     19100     2/2         100% 0.149105 0.225645      92.0000      44.8625
  1621  9599     19200     2/2         100% 0.121655 0.773331      97.0000      48.7375
  1629  9649     19300     2/2         100% 0.098297 0.283551      94.0000      50.8000
  1638  9699     19400     2/2         100% 0.094310 0.322514      96.0000      52.8125
  1646  9749     19500     2/2         100% 0.148043 0.446298      94.0000      53.3500
  1654  9799     19600     2/2         100% 0.068425 1.047709      97.0000      70.1250
  1662  9849     19700     2/2         100% 0.085129 1.154006      97.0000      63.9000
  1671  9899     19800     2/2         100% 0.049812 0.559484      96.0000      52.9750
  1679  9949     19900     2/2         100% 0.024221 0.549835      97.0000      51.2500
  1688  9999     20000     2/2         100% 0.025237 0.386984      98.0000      51.7000
  1696 10049     20100     2/2         100% 0.026639 0.300048      97.0000      47.3000
  1704 10099     20200     2/2         100% 0.057393 0.499629      97.0000      52.4625
  1713 10149     20300     2/2         100% 0.041808 0.303468      95.0000      46.5000
  1721 10199     20400     2/2         100% 0.200415 0.222319      97.0000      51.8250
  1730 10249     20500     2/2         100% 0.083588 0.154489      98.0000      57.6625
  1738 10299     20600     2/2         100% 0.061976 0.255695      97.0000      59.5500
  1747 10349     20700     2/2         100% 0.044937 0.302926      97.0000      57.3375
  1755 10399     20800     2/2         100% 0.025887 0.296029      99.0000      56.3625
  1764 10449     20900     2/2         100% 0.054541 0.008097      99.0000      51.3500
  1772 10499     21000     2/2         100% 0.078696 0.043267      96.0000      51.6375
  1781 10549     21100     2/2         100% 0.304304 0.120156      90.0000      43.9625
  1789 10599     21200     2/2         100% 0.129416 0.290789      99.0000      47.4625
  1798 10649     21300     2/2         100% 0.042571 0.323492      97.0000      46.7000
  1806 10699     21400     2/2         100% 0.051913 0.394713      98.0000      47.4250
  1815 10749     21500     2/2         100% 0.063145 0.494770      99.0000      47.0625
  1823 10799     21600     2/2         100% 0.051699 0.493485      97.0000      47.8125
  1831 10849     21700     2/2         100% 0.049078 0.450256      98.0000      48.1625
  1840 10899     21800     2/2         100% 0.051654 0.314942      99.0000      46.7875
  1848 10949     21900     2/2         100% 0.043436 0.571628      98.0000      47.6250
  1857 10999     22000     2/2         100% 0.061268 0.180124      95.0000      46.0750
  1865 11049     22100     2/2         100% 0.034637 0.414624      97.0000      48.0000
  1874 11099     22200     2/2         100% 0.248038 0.805363      95.0000      59.7000
  1882 11149     22300     2/2         100% 0.065807 0.535198      97.0000      54.7000
  1891 11199     22400     2/2         100% 0.057067 0.837083      98.0000      54.0625
  1899 11249     22500     2/2         100% 0.101866 0.508077      97.0000      45.6500
  1908 11299     22600     2/2         100% 0.045863 0.386918      97.0000      45.9125
  1916 11349     22700     2/2         100% 0.058696 0.378678      99.0000      44.8125
  1925 11399     22800     2/2         100% 0.053746 0.316637      99.0000      43.9750
  1933 11449     22900     2/2         100% 0.032351 0.214904      97.0000      40.7125
  1941 11499     23000     2/2         100% 0.029672 0.350796      99.0000      45.0375
  1950 11549     23100     2/2         100% 0.056079 0.315127      96.0000      45.8375
  1958 11599     23200     2/2         100% 0.088505 0.537808      96.0000      40.8625
  1967 11649     23300     2/2         100% 0.024348 0.511131      99.0000      51.2625
  1975 11699     23400     2/2         100% 0.058932 0.388594      97.0000      44.4875
  1984 11749     23500     2/2         100% 0.041081 0.372010      97.0000      52.4750
  1992 11799     23600     2/2         100% 0.078260 0.179276      99.0000      50.4375
  2001 11849     23700     2/2         100% 0.171406 0.344806      95.0000      41.3500
  2009 11899     23800     2/2         100% 0.083743 0.468897      96.0000      41.8125
  2016 11949     23900     2/2         100% 0.037688 0.786824      97.0000      48.5000
  2024 11999     24000     2/2         100% 0.029752 0.503020      98.0000      43.8875
  2032 12049     24100     2/2         100% 0.048756 0.356420      96.0000      54.6375
  2040 12099     24200     2/2         100% 0.055527 0.793015      96.0000      56.6625
  2049 12149     24300     2/2         100% 0.082008 0.591922      97.0000      55.9750
  2057 12199     24400     2/2         100% 0.058356 0.353654      98.0000      55.5875
  2066 12249     24500     2/2         100% 0.058292 0.532977      97.0000      56.5875
  2075 12299     24600     2/2         100% 1.084402 1.198257      78.0000      55.2000
  2083 12349     24700     2/2         100% 0.100144 0.138544      93.0000      48.2125
  2092 12399     24800     2/2         100% 0.034515 0.134852      97.0000      48.6625
  2100 12449     24900     2/2         100% 0.041773 0.092552      99.0000      47.7125
  2108 12499     25000     2/2         100% 0.085185 0.124474      97.0000      48.7375
  2117 12549     25100     2/2         100% 0.025669 0.117632      98.0000      47.8125
  2125 12599     25200     2/2         100% 0.377257 0.025925      98.0000      49.0125
  2134 12649     25300     2/2         100% 0.043498 0.119047      99.0000      48.6625
  2142 12699     25400     2/2         100% 0.066751 0.110259      98.0000      48.5375
  2151 12749     25500     2/2         100% 0.038887 0.097589      98.0000      48.5250
  2159 12799     25600     2/2         100% 0.062980 0.124752      98.0000      48.4000
  2168 12849     25700     2/2         100% 0.098576 0.066912      96.0000      49.9375
  2176 12899     25800     2/2         100% 0.033439 0.134089      97.0000      50.5750
  2185 12949     25900     2/2         100% 0.042349 0.017949      98.0000      50.5375
  2193 12999     26000     2/2         100% 0.031399 0.162269      97.0000      48.1750
  2202 13049     26100     2/2         100% 0.035439 0.151419      96.0000      49.9250
  2210 13099     26200     2/2         100% 0.072394 0.044183      97.0000      49.3500
  2219 13149     26300     2/2         100% 0.029895 0.046774      99.0000      51.2625
  2227 13199     26400     2/2         100% 0.044195 0.019119      99.0000      51.3875
  2236 13249     26500     2/2         100% 0.058658 0.225166      98.0000      50.6125
  2244 13299     26600     2/2         100% 0.059358 0.159814      99.0000      49.9250
  2252 13349     26700     2/2         100% 0.098941 0.136114      98.0000      51.1750
  2261 13399     26800     2/2         100% 0.046595 0.071986      95.0000      48.8000
  2269 13449     26900     2/2         100% 0.044311 0.120057      98.0000      49.0875
  2278 13499     27000     2/2         100% 0.062682 0.087317      96.0000      49.0250
  2286 13549     27100     2/2         100% 0.040291 0.188029      98.0000      49.1125
  2295 13599     27200     2/2         100% 0.024040 0.185601      98.0000      49.5375
  2303 13649     27300     2/2         100% 0.068998 0.247517      96.0000      50.6875
  2312 13699     27400     2/2         100% 0.089777 0.427267      95.0000      50.4500
  2320 13749     27500     2/2         100% 0.034405 0.367725      96.0000      50.2375
  2329 13799     27600     2/2         100% 0.544083 1.016153      74.0000      56.3750
  2337 13849     27700     2/2         100% 0.266219 1.061656      86.0000      47.2875
  2345 13899     27800     2/2         100% 0.386401 0.965688      85.0000      47.5750
  2354 13949     27900     2/2         100% 0.377740 2.304563      79.0000      64.5625
  2362 13999     28000     2/2         100% 0.410723 2.491647      79.0000      66.6875
  2371 14049     28100     2/2         100% 0.346168 2.446174      79.0000      64.3000
  2379 14099     28200     2/2         100% 0.250111 2.365274      80.0000      63.5125
  2387 14149     28300     2/2         100% 0.344824 2.118453      82.0000      61.0000
  2395 14199     28400     2/2         100% 0.302653 2.126170      86.0000      59.9250
  2402 14249     28500     2/2         100% 0.273877 2.065095      86.0000      59.3875
  2410 14299     28600     2/2         100% 0.304227 2.475851      87.0000      60.7625
  2419 14349     28700     2/2         100% 0.277373 2.278867      82.0000      62.3625
  2427 14399     28800     2/2         100% 0.324399 2.063558      87.0000      58.5500
  2436 14449     28900     2/2         100% 0.302667 1.945619      88.0000      58.7750
  2444 14499     29000     2/2         100% 0.229038 2.024705      85.0000      59.3750
  2453 14549     29100     2/2         100% 0.139253 1.875563      89.0000      59.5375
  2461 14599     29200     2/2         100% 0.218654 1.998466      88.0000      61.9250
  2470 14649     29300     2/2         100% 0.247842 2.036035      89.0000      60.4250
  2478 14699     29400     2/2         100% 0.298529 2.011187      92.0000      60.5875
  2487 14749     29500     2/2         100% 0.234705 1.245636      93.0000      46.7125
  2495 14799     29600     2/2         100% 0.257261 1.984372      91.0000      63.5375
  2503 14849     29700     2/2         100% 0.125048 1.932525      91.0000      64.4375
  2512 14899     29800     2/2         100% 0.116300 2.007800      91.0000      62.9000
  2520 14949     29900     2/2         100% 0.202537 2.093479      92.0000      62.6375
  2529 14999     30000     2/2         100% 0.736158 2.945887      79.0000      58.9875
EXP_END
MARKER 2000-30000
     9     2       100    20/40         50% 0.730802 0.602501      50.0000      50.0000
    18     4       200    40/40        100% 0.701807 0.746008      57.0500      48.1375
    27     7       300    20/40         50% 0.760898 0.669957      60.2500      50.6375
    36     9       400    40/40        100% 0.670284 0.553882      60.1500      50.0000
    45    12       500    20/40         50% 0.644750 0.596733      60.3500      51.0375
    54    14       600    40/40        100% 0.654638 0.653985      61.3000      48.3625
    63    17       700    20/40         50% 0.671427 0.773643      60.7500      48.2375
    72    19       800    40/40        100% 0.608230 0.642287      60.8000      48.2375
    81    22       900    20/40         50% 0.659358 0.611352      60.6000      51.6500
    90    24      1000    40/40        100% 0.626996 0.674072      62.3000      49.2875
    99    27      1100    20/40         50% 0.669502 0.609014      61.7500      50.9750
   108    29      1200    40/40        100% 0.663835 0.566776      60.8500      51.6125
   116    32      1300    20/40         50% 0.650183 0.622854      62.1500      48.5250
   124    34      1400    40/40        100% 0.660822 0.623543      63.1000      48.7125
   133    37      1500    20/40         50% 0.568594 0.737086      64.3000      51.1500
   142    39      1600    40/40        100% 0.604548 0.770842      67.5500      54.5750
   151    42      1700    20/40         50% 0.591078 0.832494      65.2000      55.8875
   160    44      1800    40/40        100% 0.441941 0.981732      67.1000      60.3375
   169    47      1900    20/40         50% 0.567287 0.546783      63.6500      53.4625
   178    49      2000    40/40        100% 0.569909 0.728296      65.0000      54.4250
   187    52      2100    20/40         50% 0.568656 0.750842      65.8500      55.0625
   196    54      2200    40/40        100% 0.601452 0.731310      66.0500      55.4125
   205    57      2300    20/40         50% 0.536153 0.672310      65.9000      55.3625
   214    59      2400    40/40        100% 0.643176 0.705422      65.4000      54.8750
   223    62      2500    20/40         50% 0.491547 0.705096      67.0000      56.1125
   232    64      2600    40/40        100% 0.515610 0.791715      67.0500      57.9500
   241    67      2700    20/40         50% 0.581131 0.742976      69.2000      61.5125
   250    69      2800    40/40        100% 0.480781 1.076702      83.6000      66.3625
   259    72      2900    20/40         50% 0.602900 0.668904      74.7000      62.7250
   268    74      3000    40/40        100% 0.328525 1.340089      86.2500      72.1500
   277    77      3100    20/40         50% 0.324026 2.173650      88.1500      76.7750
   286    79      3200    40/40        100% 0.351080 1.227012      86.5000      74.7625
   295    82      3300    20/40         50% 0.239226 1.123415      86.6500      72.9500
   304    84      3400    40/40        100% 0.307304 1.332823      87.2000      71.4250
   313    87      3500    20/40         50% 0.404551 1.174336      87.7500      76.3625
   322    89      3600    40/40        100% 0.299478 1.089388      88.5500      77.2250
   331    92      3700    20/40         50% 0.168176 0.338880      95.9000      93.2250
   340    94      3800    40/40        100% 0.032678 0.062976      99.9000      93.8625
   349    97      3900    20/40         50% 0.029963 0.029560     100.0000      82.8625
   358    99      4000    40/40        100% 0.005766 0.019314      99.9500      83.9250
   367   102      4100    20/40         50% 0.006538 0.008402      99.9500      81.1125
   376   104      4200    40/40        100% 0.009534 0.601518      99.9500      75.4500
   385   107      4300    20/40         50% 0.010743 1.477761     100.0000      62.3875
   394   109      4400    40/40        100% 0.022011 0.020856     100.0000      86.2375
   403   112      4500    20/40         50% 0.009839 0.024793     100.0000      77.2875
   412   114      4600    40/40        100% 0.003864 0.226252     100.0000      71.0375
   421   117      4700    20/40         50% 0.003174 0.764376     100.0000      67.4125
   430   119      4800    40/40        100% 0.003913 1.250279     100.0000      63.2500
   439   122      4900    20/40         50% 0.007362 1.919664     100.0000      60.0000
   448   124      5000    40/40        100% 0.001193 2.331189     100.0000      58.1125
   457   127      5100    20/40         50% 0.001994 2.414428     100.0000      57.1125
   466   129      5200    40/40        100% 0.000848 2.493682     100.0000      57.6625
   475   132      5300    20/40         50% 0.003478 2.582745     100.0000      57.9375
   484   134      5400    40/40        100% 0.004156 2.638786     100.0000      58.0250
   492   137      5500    20/40         50% 0.002914 2.692634     100.0000      57.8000
   500   139      5600    40/40        100% 0.002135 2.736233     100.0000      58.2000
   509   142      5700    20/40         50% 0.001276 2.963916     100.0000      58.2375
   518   144      5800    40/40        100% 0.003076 3.009361     100.0000      57.8125
   527   147      5900    20/40         50% 0.003130 3.410859     100.0000      57.5500
   536   149      6000    40/40        100% 0.000359 3.097251     100.0000      58.7625
   545   152      6100    20/40         50% 0.000240 3.138796     100.0000      59.0375
   554   154      6200    40/40        100% 0.000619 3.187529     100.0000      59.4125
   563   157      6300    20/40         50% 0.000603 3.043874     100.0000      59.5875
   572   159      6400    40/40        100% 0.001238 3.086478     100.0000      59.6875
   581   162      6500    20/40         50% 0.001390 3.716103     100.0000      56.3875
   590   164      6600    40/40        100% 0.001411 3.361566     100.0000      57.3125
   599   167      6700    20/40         50% 0.001169 3.595057     100.0000      56.8750
   608   169      6800    40/40        100% 0.000343 3.238181     100.0000      57.2750
   617   172      6900    20/40         50% 0.000703 3.461467     100.0000      57.0375
   626   174      7000    40/40        100% 0.000269 3.496799     100.0000      57.4625
   635   177      7100    20/40         50% 0.000754 3.534092     100.0000      57.3500
   644   179      7200    40/40        100% 0.000964 3.566742     100.0000      57.4500
   653   182      7300    20/40         50% 0.000985 3.802700     100.0000      56.5375
   662   184      7400    40/40        100% 0.000480 3.634392     100.0000      56.6875
   671   187      7500    20/40         50% 0.000814 3.872150     100.0000      55.7125
   680   189      7600    40/40        100% 0.000105 4.114199     100.0000      55.8625
   689   192      7700    20/40         50% 0.000190 3.512137     100.0000      57.6000
   698   194      7800    40/40        100% 0.000399 4.178089     100.0000      55.5625
   707   197      7900    20/40         50% 0.000093 3.779906     100.0000      56.0125
   716   199      8000    40/40        100% 0.000028 3.811610     100.0000      56.5625
   725   202      8100    20/40         50% 0.000125 4.274687     100.0000      54.6000
   734   204      8200    40/40        100% 0.000245 4.085601     100.0000      54.7000
   743   207      8300    20/40         50% 0.000172 3.897313     100.0000      54.8625
   752   209      8400    40/40        100% 0.000545 4.358832     100.0000      54.2750
   761   212      8500    20/40         50% 0.000022 4.379381     100.0000      53.1625
   770   214      8600    40/40        100% 0.000173 4.417096     100.0000      53.8250
   779   217      8700    20/40         50% 0.000106 4.223755     100.0000      54.3125
   788   219      8800    40/40        100% 0.000016 4.052840     100.0000      53.9875
   797   222      8900    20/40         50% 0.000095 4.305413     100.0000      53.7250
   806   224      9000    40/40        100% 0.000115 4.520669     100.0000      53.3125
   815   227      9100    20/40         50% 0.000100 4.537137     100.0000      52.3500
   824   229      9200    40/40        100% 0.000032 4.566071     100.0000      52.7625
   833   232      9300    20/40         50% 0.000145 4.584390     100.0000      51.8375
   842   234      9400    40/40        100% 0.000035 4.618048     100.0000      52.4000
   851   237      9500    20/40         50% 0.000078 4.639841     100.0000      52.6875
   859   239      9600    40/40        100% 0.000200 4.411939     100.0000      53.4375
   867   242      9700    20/40         50% 0.000028 4.459417     100.0000      53.4375
   875   244      9800    40/40        100% 0.000044 4.495355     100.0000      52.9000
   884   247      9900    20/40         50% 0.000091 4.741646     100.0000      52.8250
   893   249     10000    40/40        100% 0.000103 4.304463     100.0000      54.0125
   902   252     10100    20/40         50% 0.000040 4.320764     100.0000      53.7875
   911   254     10200    40/40        100% 0.000006 4.816422     100.0000      52.7750
   920   257     10300    20/40         50% 0.000113 4.834729     100.0000      52.3000
   929   259     10400    40/40        100% 0.000047 4.404963     100.0000      53.5125
   938   262     10500    20/40         50% 0.000040 4.885688     100.0000      51.8875
   947   264     10600    40/40        100% 0.000120 4.453411     100.0000      54.0875
   956   267     10700    20/40         50% 0.000011 4.697964     100.0000      53.7250
   965   269     10800    40/40        100% 0.000004 4.970887     100.0000      52.7625
   974   272     10900    20/40         50% 0.000044 4.754918     100.0000      54.0500
   983   274     11000    40/40        100% 0.000023 5.013319     100.0000      52.7250
   992   277     11100    20/40         50% 0.000018 5.038285     100.0000      54.2375
  1001   279     11200    40/40        100% 0.000047 5.082646     100.0000      53.4125
  1010   282     11300    20/40         50% 0.000033 5.109726     100.0000      53.6000
  1019   284     11400    40/40        100% 0.000023 5.158897     100.0000      53.9625
  1028   287     11500    20/40         50% 0.000025 5.153913     100.0000      53.6375
  1037   289     11600    40/40        100% 0.000005 5.213852     100.0000      54.2375
  1046   292     11700    20/40         50% 0.000007 5.364419     100.0000      52.3000
  1055   294     11800    40/40        100% 0.000019 5.496680     100.0000      53.5125
  1064   297     11900    20/40         50% 0.000009 5.493399     100.0000      51.2875
  1073   299     12000    40/40        100% 0.000016 5.547300     100.0000      52.2000
  1082   302     12100    20/40         50% 0.000016 5.541180     100.0000      51.3000
  1091   304     12200    40/40        100% 0.000012 5.518085     100.0000      50.3500
  1100   307     12300    20/40         50% 0.000003 5.558304     100.0000      50.8000
  1109   309     12400    40/40        100% 0.000015 5.451567     100.0000      53.4625
  1118   312     12500    20/40         50% 0.000018 5.651945     100.0000      51.7750
  1127   314     12600    40/40        100% 0.000003 5.572050     100.0000      50.3250
  1136   317     12700    20/40         50% 0.000006 5.700890     100.0000      52.1625
  1145   319     12800    40/40        100% 3.023825 7.133438      69.1500      51.2375
  1154   322     12900    20/40         50% 0.527143 0.742793      64.0000      59.5625
  1163   324     13000    40/40        100% 0.640071 0.803257      63.8500      56.0625
  1172   327     13100    20/40         50% 0.485430 0.529639      85.0500      35.2250
  1181   329     13200    40/40        100% 0.160346 0.632162      98.1000      53.4250
  1190   332     13300    20/40         50% 0.050222 0.983840      98.7000      45.6625
  1199   334     13400    40/40        100% 0.021994 1.358407      99.5500      43.8500
  1208   337     13500    20/40         50% 0.123949 1.461784      99.5500      48.3375
  1217   339     13600    40/40        100% 0.004755 1.420702      99.9500      47.2250
  1226   342     13700    20/40         50% 0.010715 1.410343      99.9500      46.0750
  1234   344     13800    40/40        100% 0.007790 1.418456      99.9500      45.2375
  1242   347     13900    20/40         50% 0.005716 1.340411      99.9500      44.7500
  1250   349     14000    40/40        100% 0.003456 1.376182      99.9500      44.8000
  1259   352     14100    20/40         50% 0.004570 1.292034      99.9500      44.8625
  1268   354     14200    40/40        100% 0.001680 2.236214      99.6000      58.9375
  1277   357     14300    20/40         50% 0.007870 1.707871     100.0000      49.5750
  1286   359     14400    40/40        100% 0.003460 2.180971     100.0000      46.5750
  1295   362     14500    20/40         50% 0.004983 2.235602     100.0000      45.8750
  1304   364     14600    40/40        100% 0.002940 2.128967     100.0000      45.3625
  1313   367     14700    20/40         50% 0.003083 1.437678     100.0000      48.9375
  1322   369     14800    40/40        100% 0.001513 1.594143     100.0000      46.3375
  1331   372     14900    20/40         50% 0.001203 1.703464     100.0000      45.4000
  1340   374     15000    40/40        100% 0.001847 1.746189     100.0000      44.9875
  1349   377     15100    20/40         50% 0.000480 1.800346     100.0000      45.3625
  1358   379     15200    40/40        100% 0.000452 1.874296     100.0000      44.9375
  1367   382     15300    20/40         50% 0.000689 1.990171     100.0000      44.6375
  1376   384     15400    40/40        100% 0.000518 1.968333     100.0000      44.9375
  1385   387     15500    20/40         50% 0.000411 2.097903     100.0000      44.5500
  1394   389     15600    40/40        100% 0.000629 2.141727     100.0000      44.6125
  1403   392     15700    20/40         50% 0.000096 2.187318     100.0000      44.5625
  1412   394     15800    40/40        100% 0.000627 2.212495     100.0000      44.0500
  1421   397     15900    20/40         50% 0.000439 2.270223     100.0000      44.5375
  1430   399     16000    40/40        100% 0.000142 2.294080     100.0000      44.0625
  1438   402     16100    20/40         50% 0.000402 2.313390     100.0000      43.7750
  1448   404     16200    40/40        100% 0.000426 2.360761     100.0000      44.5125
  1457   407     16300    20/40         50% 0.000301 2.414771     100.0000      44.6875
  1466   409     16400    40/40        100% 0.000411 2.406146     100.0000      44.4250
  1475   412     16500    20/40         50% 0.000123 2.438128     100.0000      44.4000
  1484   414     16600    40/40        100% 0.000426 2.623776     100.0000      43.8875
  1493   417     16700    20/40         50% 0.000345 2.639252     100.0000      43.9000
  1502   419     16800    40/40        100% 0.018284 0.016431      99.9500      99.8500
  1511   422     16900    20/40         50% 0.005155 0.004528     100.0000      99.8375
  1520   424     17000    40/40        100% 0.003534 0.003033     100.0000      99.8375
  1529   427     17100    20/40         50% 0.001778 0.002235     100.0000      99.8375
  1538   429     17200    40/40        100% 0.001546 0.002073     100.0000      99.8375
  1547   432     17300    20/40         50% 0.000820 0.001705     100.0000      99.8500
  1556   434     17400    40/40        100% 0.001474 0.001749     100.0000      99.8375
  1565   437     17500    20/40         50% 0.001895 0.001344     100.0000      99.8625
  1574   439     17600    40/40        100% 0.000644 0.001468     100.0000      99.8375
  1583   442     17700    20/40         50% 0.001298 0.001081     100.0000      99.8625
  1592   444     17800    40/40        100% 0.001483 0.001185     100.0000      99.8375
  1600   447     17900    20/40         50% 0.000372 0.001260     100.0000      99.8375
  1609   449     18000    40/40        100% 0.000830 0.001301     100.0000      99.8375
  1617   452     18100    20/40         50% 0.000289 0.001340     100.0000      99.8375
  1625   454     18200    40/40        100% 0.000401 0.001055     100.0000      99.8375
  1634   457     18300    20/40         50% 0.000368 0.001018     100.0000      99.8625
  1643   459     18400    40/40        100% 0.000471 0.001050     100.0000      99.8375
  1652   462     18500    20/40         50% 0.000644 0.001093     100.0000      99.8375
  1661   464     18600    40/40        100% 0.000364 0.001143     100.0000      99.8375
  1670   467     18700    20/40         50% 0.000273 0.001114     100.0000      99.8375
  1679   469     18800    40/40        100% 0.000136 0.001073     100.0000      99.8375
  1688   472     18900    20/40         50% 0.000181 0.001078     100.0000      99.8375
  1697   474     19000    40/40        100% 0.000290 0.001087     100.0000      99.8375
  1706   477     19100    20/40         50% 0.000134 0.001094     100.0000      99.8375
  1715   479     19200    40/40        100% 0.000118 0.001069     100.0000      99.8375
  1724   482     19300    20/40         50% 0.000198 0.000997     100.0000      99.8375
  1733   484     19400    40/40        100% 0.000223 0.000951     100.0000      99.8375
  1742   487     19500    20/40         50% 0.000092 0.000977     100.0000      99.8375
  1751   489     19600    40/40        100% 0.000243 0.000710     100.0000      99.8625
  1760   492     19700    20/40         50% 0.000220 0.000731     100.0000      99.8625
  1769   494     19800    40/40        100% 0.000277 0.000835     100.0000      99.8625
  1778   497     19900    20/40         50% 0.000235 0.000853     100.0000      99.8500
  1787   499     20000    40/40        100% 0.000197 0.000916     100.0000      99.8375
  1796   502     20100    20/40         50% 0.000218 0.000886     100.0000      99.8375
  1805   504     20200    40/40        100% 0.000161 0.000904     100.0000      99.8375
  1814   507     20300    20/40         50% 0.000146 0.000913     100.0000      99.8375
  1823   509     20400    40/40        100% 0.000081 0.000934     100.0000      99.8375
  1832   512     20500    20/40         50% 0.000227 0.000899     100.0000      99.8375
  1841   514     20600    40/40        100% 0.000107 0.000907     100.0000      99.8375
  1850   517     20700    20/40         50% 0.000271 0.000955     100.0000      99.8375
  1859   519     20800    40/40        100% 0.000030 0.000897     100.0000      99.8375
  1868   522     20900    20/40         50% 0.000029 0.001045     100.0000      99.2250
  1877   524     21000    40/40        100% 0.000033 0.000984     100.0000      97.1375
  1886   527     21100    20/40         50% 0.000124 0.000986     100.0000      95.5125
  1895   529     21200    40/40        100% 0.000067 0.000971     100.0000      94.8000
  1904   532     21300    20/40         50% 0.000091 0.000911     100.0000      93.0375
  1913   534     21400    40/40        100% 0.000018 0.000943     100.0000      92.5625
  1922   537     21500    20/40         50% 0.000036 0.000968     100.0000      91.4875
  1931   539     21600    40/40        100% 0.000042 0.000986     100.0000      90.9375
  1940   542     21700    20/40         50% 0.000060 0.001048     100.0000      90.1125
  1949   544     21800    40/40        100% 0.000087 0.000198      99.9500      99.8875
  1958   547     21900    20/40         50% 0.000113 0.001229     100.0000      85.6750
  1967   549     22000    40/40        100% 0.000123 0.001150     100.0000      87.5625
  1976   552     22100    20/40         50% 0.000057 0.001081     100.0000      89.9500
  1984   554     22200    40/40        100% 0.000084 0.001117     100.0000      90.4500
  1992   557     22300    20/40         50% 0.000077 0.000981     100.0000      97.6250
  1999   559     22400    40/40        100% 0.000061 0.001132     100.0000      92.7125
  2008   562     22500    20/40         50% 0.000068 0.001117     100.0000      95.9000
  2017   564     22600    40/40        100% 0.000020 0.001138     100.0000      92.4625
  2026   567     22700    20/40         50% 0.000090 0.001112     100.0000      93.4000
  2035   569     22800    40/40        100% 0.000034 0.001149     100.0000      93.2125
  2044   572     22900    20/40         50% 0.000049 0.001121     100.0000      93.6625
  2053   574     23000    40/40        100% 0.000016 0.001285     100.0000      88.8125
  2062   577     23100    20/40         50% 0.000037 0.001327     100.0000      90.2375
  2071   579     23200    40/40        100% 0.000012 0.001329     100.0000      87.8750
  2080   582     23300    20/40         50% 0.000044 0.001460     100.0000      84.7375
  2089   584     23400    40/40        100% 0.000050 0.001832     100.0000      85.4250
  2098   587     23500    20/40         50% 0.000015 0.001517     100.0000      85.0625
  2107   589     23600    40/40        100% 0.000010 0.001956     100.0000      82.8125
  2116   592     23700    20/40         50% 0.000008 0.002107     100.0000      81.9750
  2125   594     23800    40/40        100% 0.000008 0.002054     100.0000      81.1250
  2134   597     23900    20/40         50% 0.000026 0.002647     100.0000      79.8125
  2143   599     24000    40/40        100% 0.015960 0.358893      99.8000      79.3125
  2152   602     24100    20/40         50% 0.002542 0.007933     100.0000      86.0250
  2161   604     24200    40/40        100% 0.001478 0.010723     100.0000      88.0750
  2170   607     24300    20/40         50% 0.000876 0.009457     100.0000      89.5875
  2179   609     24400    40/40        100% 0.000883 0.008441     100.0000      90.9625
  2188   612     24500    20/40         50% 0.000524 0.007357     100.0000      91.5875
  2197   614     24600    40/40        100% 0.000498 0.006580     100.0000      91.6625
  2206   617     24700    20/40         50% 0.000353 0.006584     100.0000      91.5375
  2215   619     24800    40/40        100% 0.001329 0.006361     100.0000      91.0625
  2224   622     24900    20/40         50% 0.000336 0.006569     100.0000      90.8000
  2233   624     25000    40/40        100% 0.000267 0.006241     100.0000      90.8000
  2242   627     25100    20/40         50% 0.000212 0.005959     100.0000      90.4250
  2251   629     25200    40/40        100% 0.000235 0.006152     100.0000      90.1500
  2260   632     25300    20/40         50% 0.000174 0.006146     100.0000      90.2000
  2269   634     25400    40/40        100% 0.000160 0.005743     100.0000      89.7750
  2278   637     25500    20/40         50% 0.000196 0.006100     100.0000      89.3250
  2287   639     25600    40/40        100% 0.000126 0.006380     100.0000      88.8500
  2296   642     25700    20/40         50% 0.000161 0.006432     100.0000      88.4625
  2305   644     25800    40/40        100% 0.000092 0.006043     100.0000      88.1000
  2314   647     25900    20/40         50% 0.000121 0.006058     100.0000      88.1000
  2323   649     26000    40/40        100% 0.000111 0.005815     100.0000      87.7625
  2332   652     26100    20/40         50% 0.000068 0.005395     100.0000      87.7625
  2341   654     26200    40/40        100% 0.000466 0.005165     100.0000      89.1875
  2350   657     26300    20/40         50% 0.000096 0.005295     100.0000      89.1125
  2358   659     26400    40/40        100% 0.000075 0.005483     100.0000      90.8625
  2366   662     26500    20/40         50% 0.000055 0.005116     100.0000      92.7125
  2372   664     26600    40/40        100% 0.000043 0.005062     100.0000      93.8375
  2376   667     26700    20/40         50% 0.000083 0.005272     100.0000      94.8125
  2385   669     26800    40/40        100% 0.000083 0.005431     100.0000      95.4250
  2394   672     26900    20/40         50% 0.000046 0.005488     100.0000      95.7875
  2403   674     27000    40/40        100% 0.000071 0.005373     100.0000      95.8500
  2413   677     27100    20/40         50% 0.000062 0.005133     100.0000      96.0500
  2422   679     27200    40/40        100% 0.000064 0.005760     100.0000      95.6375
  2431   682     27300    20/40         50% 0.000050 0.005508     100.0000      95.5125
  2441   684     27400    40/40        100% 0.000050 0.006051     100.0000      95.7000
  2450   687     27500    20/40         50% 0.000040 0.006267     100.0000      95.6875
  2459   689     27600    40/40        100% 0.000041 0.005873     100.0000      95.1750
  2469   692     27700    20/40         50% 0.000046 0.005630     100.0000      95.1000
  2478   694     27800    40/40        100% 0.000023 0.006057     100.0000      94.8750
  2487   697     27900    20/40         50% 0.000061 0.005780     100.0000      94.9125
  2497   699     28000    40/40        100% 0.000032 0.006618     100.0000      94.5000
  2506   702     28100    20/40         50% 0.000033 0.005991     100.0000      94.1375
  2515   704     28200    40/40        100% 0.000024 0.005586     100.0000      94.1875
  2525   707     28300    20/40         50% 0.000026 0.005502     100.0000      94.0750
  2534   709     28400    40/40        100% 0.000023 0.005137     100.0000      93.7750
  2543   712     28500    20/40         50% 0.000029 0.005796     100.0000      93.3500
  2552   714     28600    40/40        100% 0.000025 0.006075     100.0000      92.8500
  2562   717     28700    20/40         50% 0.000025 0.005975     100.0000      92.1875
  2571   719     28800    40/40        100% 0.000018 0.005409     100.0000      91.6375
  2580   722     28900    20/40         50% 0.000027 0.007158     100.0000      92.1875
  2590   724     29000    40/40        100% 0.000038 0.006530     100.0000      91.2625
  2599   727     29100    20/40         50% 0.000021 0.006291     100.0000      91.3125
  2608   729     29200    40/40        100% 0.000023 0.007147     100.0000      88.5750
  2617   732     29300    20/40         50% 0.000014 0.007521     100.0000      88.4500
  2627   734     29400    40/40        100% 0.000012 0.006301     100.0000      88.5750
  2636   737     29500    20/40         50% 0.000012 0.007116     100.0000      88.4375
  2645   739     29600    40/40        100% 0.000011 0.007349     100.0000      88.0125
  2655   742     29700    20/40         50% 0.000020 0.008648     100.0000      87.5375
  2664   744     29800    40/40        100% 0.000010 0.006744     100.0000      87.5375
  2673   747     29900    20/40         50% 0.000022 0.008217     100.0000      87.5000
  2683   749     30000    40/40        100% 0.000010 0.008791     100.0000      87.5000
EXP_END
MARKER 5000-30000
    10     0       100   100/100       100% 0.668912 0.639495      51.7800      49.2375
    21     1       200   100/100       100% 0.693107 0.709579      49.9800      50.0000
    31     2       300   100/100       100% 0.673104 0.609187      61.9600      48.4000
    41     3       400   100/100       100% 0.647157 0.798691      61.4200      50.1625
    52     4       500   100/100       100% 0.702717 0.878417      62.0400      49.7000
    62     5       600   100/100       100% 0.664969 0.606715      62.7200      48.6000
    73     6       700   100/100       100% 0.657360 0.707792      62.0400      50.0000
    83     7       800   100/100       100% 0.686694 0.836139      59.0200      50.0000
    93     8       900   100/100       100% 0.660414 0.790514      60.2000      50.0000
   104     9      1000   100/100       100% 0.674314 0.732547      62.3400      48.2375
   114    10      1100   100/100       100% 0.640718 0.787458      62.7400      49.2375
   124    11      1200   100/100       100% 0.671663 0.783624      62.7600      49.4500
   134    12      1300   100/100       100% 0.569590 0.812185      62.4400      48.3750
   145    13      1400   100/100       100% 0.610191 0.796944      62.4400      48.3500
   155    14      1500   100/100       100% 0.568377 0.789084      62.4600      48.1875
   166    15      1600   100/100       100% 0.647479 0.862198      61.2600      50.1250
   176    16      1700   100/100       100% 0.666747 0.708503      62.4400      48.4000
   187    17      1800   100/100       100% 0.736739 0.773055      62.2400      50.1625
   197    18      1900   100/100       100% 0.623362 0.641415      62.7400      48.3125
   208    19      2000   100/100       100% 0.697769 0.670570      63.9800      49.6875
   218    20      2100   100/100       100% 0.551138 0.589759      65.2800      55.9000
   229    21      2200   100/100       100% 0.567761 0.666921      65.0200      50.8125
   239    22      2300   100/100       100% 0.593001 0.613945      65.3200      52.7500
   249    23      2400   100/100       100% 0.583593 0.705556      65.8600      53.1875
   260    24      2500   100/100       100% 0.531672 0.638672      66.3200      54.8125
   270    25      2600   100/100       100% 0.580390 0.694164      67.5400      55.3375
   281    26      2700   100/100       100% 1.257775 3.504024      52.8200      46.5750
   291    27      2800   100/100       100% 0.643790 0.698311      61.4000      49.7000
   302    28      2900   100/100       100% 0.662821 0.745384      64.8000      53.3750
   312    29      3000   100/100       100% 0.628025 0.814153      64.5600      51.9875
   323    30      3100   100/100       100% 0.539440 0.678594      65.2000      51.4000
   333    31      3200   100/100       100% 0.590271 0.765149      68.2200      48.6750
   344    32      3300   100/100       100% 0.487884 1.106207      71.5200      54.7125
   354    33      3400   100/100       100% 0.557571 0.461078      69.9400      61.7875
   365    34      3500   100/100       100% 0.512987 2.230153      70.3400      48.3500
   375    35      3600   100/100       100% 0.375723 0.755292      82.6000      62.3875
   386    36      3700   100/100       100% 0.558672 0.777063      67.3600      53.5875
   396    37      3800   100/100       100% 0.415841 0.358696      95.8800      67.1250
   407    38      3900   100/100       100% 0.040842 0.497087      99.3000      72.5125
   417    39      4000   100/100       100% 0.859024 0.951694      84.7800      67.4375
   428    40      4100   100/100       100% 0.038439 0.584450      98.5400      75.0125
   438    41      4200   100/100       100% 0.031249 0.107649      98.7600      82.4500
   449    42      4300   100/100       100% 0.021013 0.032535      99.2600      96.6125
   461    43      4400   100/100       100% 0.029535 0.025978     100.0000      99.8375
   472    44      4500   100/100       100% 0.008354 0.018911     100.0000      99.8375
   483    45      4600   100/100       100% 0.005903 0.012566     100.0000      99.7750
   494    46      4700   100/100       100% 0.010343 0.010706     100.0000      99.7875
   505    47      4800   100/100       100% 0.007685 0.008403     100.0000      99.7750
   516    48      4900   100/100       100% 0.007290 0.006767     100.0000      99.7750
   527    49      5000   100/100       100% 0.002553 0.006744      99.9800      99.8250
   537    50      5100   100/100       100% 0.005758 0.004478     100.0000      99.7750
   548    51      5200   100/100       100% 0.004989 0.003705     100.0000      99.7500
   558    52      5300   100/100       100% 0.005919 0.003664      99.9800      99.7875
   569    53      5400   100/100       100% 0.003653 0.003738      99.9800      99.8000
   580    54      5500   100/100       100% 0.001935 0.002224     100.0000      99.7750
   591    55      5600   100/100       100% 0.001234 0.002603      99.9800      99.8000
   603    56      5700   100/100       100% 0.000834 0.002865      99.9800      99.8375
   614    57      5800   100/100       100% 0.002318 0.002354      99.9800      99.8375
   625    58      5900   100/100       100% 0.001658 0.001519     100.0000      99.8250
   636    59      6000   100/100       100% 0.002810 0.001326     100.0000      99.8500
   647    60      6100   100/100       100% 0.000710 0.001614      99.9800      99.8625
   657    61      6200   100/100       100% 0.000784 0.001840      99.9800      99.8375
   668    62      6300   100/100       100% 0.001193 0.001042     100.0000      99.8750
   678    63      6400   100/100       100% 0.002053 0.000994     100.0000      99.8500
   689    64      6500   100/100       100% 0.000454 0.000927      99.9800      99.8750
   700    65      6600   100/100       100% 0.000371 0.001645      99.9800      99.8375
   712    66      6700   100/100       100% 0.012805 0.017998      99.9200      99.7125
   723    67      6800   100/100       100% 0.003526 0.006878      99.9800      99.7625
   734    68      6900   100/100       100% 0.002958 0.004558      99.9800      99.8375
   745    69      7000   100/100       100% 0.002673 0.003165      99.9800      99.7750
   757    70      7100   100/100       100% 0.001999 0.002590     100.0000      99.8750
   767    71      7200   100/100       100% 0.001007 0.002087     100.0000      99.8750
   778    72      7300   100/100       100% 0.001721 0.001785      99.9800      99.8750
   788    73      7400   100/100       100% 0.000978 0.001781     100.0000      99.9875
   799    74      7500   100/100       100% 0.000731 0.001456     100.0000      99.9875
   810    75      7600   100/100       100% 0.001785 0.001276     100.0000      99.9875
   821    76      7700   100/100       100% 0.000891 0.001098     100.0000      99.9875
   832    77      7800   100/100       100% 0.001467 0.001001     100.0000      99.8750
   844    78      7900   100/100       100% 0.000913 0.000908     100.0000      99.8875
   854    79      8000   100/100       100% 0.000567 0.000816     100.0000      99.8875
   865    80      8100   100/100       100% 0.000735 0.000729     100.0000      99.9875
   875    81      8200   100/100       100% 0.000334 0.000674     100.0000      99.8750
   886    82      8300   100/100       100% 0.000575 0.000610     100.0000      99.8750
   897    83      8400   100/100       100% 0.000370 0.000589     100.0000      99.8625
   908    84      8500   100/100       100% 0.000603 0.000512     100.0000      99.8750
   919    85      8600   100/100       100% 0.000268 0.000488     100.0000      99.8625
   931    86      8700   100/100       100% 0.000612 0.000452     100.0000      99.8750
   942    87      8800   100/100       100% 0.000433 0.000390     100.0000      99.9250
   953    88      8900   100/100       100% 0.000697 0.000370     100.0000      99.8625
   963    89      9000   100/100       100% 0.000154 0.000347     100.0000      99.8750
   974    90      9100   100/100       100% 0.000274 0.000319     100.0000      99.8750
   984    91      9200   100/100       100% 0.000362 0.000281     100.0000      99.8625
   996    92      9300   100/100       100% 0.000393 0.000278     100.0000      99.8750
  1007    93      9400   100/100       100% 0.000153 0.000274     100.0000      99.8750
  1018    94      9500   100/100       100% 0.000195 0.000250     100.0000      99.8750
  1029    95      9600   100/100       100% 0.000318 0.000216     100.0000      99.8750
  1040    96      9700   100/100       100% 0.000252 0.000206     100.0000      99.8750
  1050    97      9800   100/100       100% 0.000066 0.000205     100.0000      99.8500
  1061    98      9900   100/100       100% 0.000078 0.000167     100.0000      99.9250
  1072    99     10000   100/100       100% 0.000261 0.000189     100.0000      99.8500
  1083   100     10100   100/100       100% 0.000254 0.000175     100.0000      99.8500
  1094   101     10200   100/100       100% 0.000238 0.000167     100.0000      99.8500
  1105   102     10300   100/100       100% 0.000065 0.000138     100.0000      99.9875
  1117   103     10400   100/100       100% 0.000123 0.000134     100.0000      99.9125
  1127   104     10500   100/100       100% 0.000057 0.000128     100.0000      99.8750
  1138   105     10600   100/100       100% 0.000160 0.000134     100.0000      99.8500
  1148   106     10700   100/100       100% 0.000049 0.000122     100.0000      99.8500
  1158   107     10800   100/100       100% 0.000067 0.000099     100.0000      99.8750
  1168   108     10900   100/100       100% 0.000056 0.000099     100.0000      99.8500
  1179   109     11000   100/100       100% 0.000134 0.000089     100.0000      99.8500
  1189   110     11100   100/100       100% 0.000046 0.000081     100.0000      99.8500
  1200   111     11200   100/100       100% 0.000031 0.000098     100.0000      99.8500
  1210   112     11300   100/100       100% 0.000061 0.000075     100.0000      99.9125
  1221   113     11400   100/100       100% 0.000093 0.000069     100.0000     100.0000
  1231   114     11500   100/100       100% 0.000031 0.000083     100.0000      99.8500
  1242   115     11600   100/100       100% 0.000030 0.000075     100.0000      99.8500
  1253   116     11700   100/100       100% 0.000078 0.000058     100.0000      99.9750
  1264   117     11800   100/100       100% 0.000017 0.000050     100.0000     100.0000
  1276   118     11900   100/100       100% 0.000025 0.000053     100.0000      99.8500
  1287   119     12000   100/100       100% 0.000046 0.000048     100.0000      99.8500
  1297   120     12100   100/100       100% 0.000056 0.000044     100.0000      99.9750
  1308   121     12200   100/100       100% 0.000027 0.000041     100.0000     100.0000
  1318   122     12300   100/100       100% 0.000068 0.000044     100.0000      99.8500
  1330   123     12400   100/100       100% 0.000020 0.000036     100.0000      99.9500
  1341   124     12500   100/100       100% 0.000033 0.000047     100.0000      99.8500
  1352   125     12600   100/100       100% 0.000047 0.000031     100.0000      99.9000
  1363   126     12700   100/100       100% 0.000035 0.000028     100.0000      99.9750
  1375   127     12800   100/100       100% 0.183537 7.239388      44.4000      36.5875
  1385   128     12900   100/100       100% 0.004535 0.004013      99.9400      95.3625
  1396   129     13000   100/100       100% 0.001071 0.001879      99.9600      99.8750
  1407   130     13100   100/100       100% 0.001596 0.002484     100.0000      99.8375
  1418   131     13200   100/100       100% 0.001097 0.001107     100.0000      99.8375
  1429   132     13300   100/100       100% 0.000759 0.000712     100.0000      99.8375
  1441   133     13400   100/100       100% 0.000595 0.000553     100.0000      99.8375
  1452   134     13500   100/100       100% 0.000541 0.000465     100.0000      99.8500
  1463   135     13600   100/100       100% 0.000488 0.000391     100.0000      99.8500
  1474   136     13700   100/100       100% 0.000255 0.000345     100.0000      99.8500
  1484   137     13800   100/100       100% 0.000287 0.000293     100.0000      99.8500
  1495   138     13900   100/100       100% 0.000299 0.000257     100.0000      99.8500
  1506   139     14000   100/100       100% 0.000383 0.000227     100.0000      99.8875
  1518   140     14100   100/100       100% 0.000141 0.000206     100.0000      99.8875
  1529   141     14200   100/100       100% 0.000171 0.000194     100.0000      99.8875
  1540   142     14300   100/100       100% 0.000235 0.000178     100.0000      99.8875
  1552   143     14400   100/100       100% 0.000222 0.000164     100.0000      99.8875
  1562   144     14500   100/100       100% 0.000173 0.000151     100.0000      99.8875
  1573   145     14600   100/100       100% 0.000164 0.000140     100.0000      99.8875
  1583   146     14700   100/100       100% 0.000201 0.000130     100.0000      99.9000
  1595   147     14800   100/100       100% 0.000111 0.000122     100.0000      99.9125
  1606   148     14900   100/100       100% 0.000128 0.000112     100.0000      99.8875
  1617   149     15000   100/100       100% 0.000175 0.000106     100.0000      99.9125
  1628   150     15100   100/100       100% 0.000183 0.000099     100.0000      99.9125
  1640   151     15200   100/100       100% 0.000169 0.000093     100.0000      99.9125
  1650   152     15300   100/100       100% 0.000092 0.000090     100.0000      99.9625
  1661   153     15400   100/100       100% 0.000160 0.000082     100.0000      99.9500
  1672   154     15500   100/100       100% 0.000163 0.000076     100.0000      99.9375
  1683   155     15600   100/100       100% 0.000081 0.000071     100.0000      99.9500
  1694   156     15700   100/100       100% 0.000087 0.000067     100.0000      99.9500
  1705   157     15800   100/100       100% 0.000047 0.000064     100.0000      99.9750
  1717   158     15900   100/100       100% 0.000034 0.000059     100.0000      99.9375
  1728   159     16000   100/100       100% 0.000100 0.000056     100.0000      99.9625
  1739   160     16100   100/100       100% 0.000099 0.000053     100.0000      99.9750
  1750   161     16200   100/100       100% 0.000050 0.000051     100.0000      99.9875
  1760   162     16300   100/100       100% 0.000067 0.000046     100.0000      99.9750
  1771   163     16400   100/100       100% 0.000068 0.000045     100.0000     100.0000
  1782   164     16500   100/100       100% 0.000063 0.000042     100.0000      99.9875
  1794   165     16600   100/100       100% 0.000058 0.000039     100.0000      99.9875
  1805   166     16700   100/100       100% 0.000099 0.000036     100.0000      99.9750
  1816   167     16800   100/100       100% 0.000056 0.000034     100.0000      99.9875
  1828   168     16900   100/100       100% 0.000025 0.000034     100.0000     100.0000
  1837   169     17000   100/100       100% 0.000056 0.000031     100.0000     100.0000
  1848   170     17100   100/100       100% 0.000028 0.000029     100.0000     100.0000
  1859   171     17200   100/100       100% 0.000040 0.000028     100.0000     100.0000
  1870   172     17300   100/100       100% 0.000026 0.000025     100.0000     100.0000
  1881   173     17400   100/100       100% 0.000039 0.000025     100.0000     100.0000
  1893   174     17500   100/100       100% 0.000057 0.000022     100.0000     100.0000
  1904   175     17600   100/100       100% 0.000020 0.000020     100.0000     100.0000
  1915   176     17700   100/100       100% 0.000019 0.000019     100.0000     100.0000
  1926   177     17800   100/100       100% 0.000030 0.000018     100.0000     100.0000
  1937   178     17900   100/100       100% 0.000058 0.000016     100.0000     100.0000
  1947   179     18000   100/100       100% 0.000023 0.000015     100.0000     100.0000
  1958   180     18100   100/100       100% 0.001178 0.000014     100.0000     100.0000
  1970   181     18200   100/100       100% 0.000013 0.000014     100.0000     100.0000
  1981   182     18300   100/100       100% 0.000021 0.000013     100.0000     100.0000
  1992   183     18400   100/100       100% 0.000024 0.000011     100.0000     100.0000
  2003   184     18500   100/100       100% 0.000010 0.000011     100.0000     100.0000
  2015   185     18600   100/100       100% 0.000017 0.000010     100.0000     100.0000
  2025   186     18700   100/100       100% 0.000019 0.000009     100.0000     100.0000
  2036   187     18800   100/100       100% 0.000019 0.000009     100.0000     100.0000
  2046   188     18900   100/100       100% 0.000021 0.000008     100.0000     100.0000
  2058   189     19000   100/100       100% 0.000007 0.000008     100.0000     100.0000
  2069   190     19100   100/100       100% 0.000011 0.000007     100.0000     100.0000
  2080   191     19200   100/100       100% 0.000019 0.000007     100.0000     100.0000
  2091   192     19300   100/100       100% 0.000021 0.000007     100.0000     100.0000
  2103   193     19400   100/100       100% 0.000004 0.000006     100.0000     100.0000
  2113   194     19500   100/100       100% 0.000028 0.000006     100.0000     100.0000
  2124   195     19600   100/100       100% 0.000025 0.000006     100.0000     100.0000
  2135   196     19700   100/100       100% 0.000007 0.000005     100.0000     100.0000
  2146   197     19800   100/100       100% 0.000008 0.000005     100.0000     100.0000
  2157   198     19900   100/100       100% 0.000007 0.000004     100.0000     100.0000
  2168   199     20000   100/100       100% 0.000008 0.000004     100.0000     100.0000
  2178   200     20100   100/100       100% 0.000010 0.000004     100.0000     100.0000
  2189   201     20200   100/100       100% 0.000005 0.000004     100.0000     100.0000
  2201   202     20300   100/100       100% 0.000016 0.000004     100.0000     100.0000
  2211   203     20400   100/100       100% 0.000007 0.000004     100.0000     100.0000
  2222   204     20500   100/100       100% 0.000006 0.000003     100.0000     100.0000
  2233   205     20600   100/100       100% 0.000004 0.000003     100.0000     100.0000
  2244   206     20700   100/100       100% 0.000003 0.000003     100.0000     100.0000
  2255   207     20800   100/100       100% 0.000004 0.000002     100.0000     100.0000
  2266   208     20900   100/100       100% 0.000007 0.000002     100.0000     100.0000
  2278   209     21000   100/100       100% 0.000006 0.000002     100.0000     100.0000
  2289   210     21100   100/100       100% 0.000003 0.000002     100.0000     100.0000
  2300   211     21200   100/100       100% 0.000004 0.000002     100.0000     100.0000
  2311   212     21300   100/100       100% 0.000008 0.000002     100.0000     100.0000
  2321   213     21400   100/100       100% 0.000002 0.000002     100.0000     100.0000
  2332   214     21500   100/100       100% 0.000007 0.000002     100.0000     100.0000
  2343   215     21600   100/100       100% 0.000001 0.000002     100.0000     100.0000
  2354   216     21700   100/100       100% 0.000007 0.000002     100.0000     100.0000
  2366   217     21800   100/100       100% 0.000008 0.000002     100.0000     100.0000
  2377   218     21900   100/100       100% 0.000003 0.000002     100.0000     100.0000
  2388   219     22000   100/100       100% 0.000004 0.000001     100.0000     100.0000
  2399   220     22100   100/100       100% 0.000003 0.000002     100.0000     100.0000
  2410   221     22200   100/100       100% 0.000004 0.000001     100.0000     100.0000
  2420   222     22300   100/100       100% 0.000002 0.000001     100.0000     100.0000
  2431   223     22400   100/100       100% 0.000003 0.000001     100.0000     100.0000
  2443   224     22500   100/100       100% 0.000001 0.000001     100.0000     100.0000
  2454   225     22600   100/100       100% 0.000002 0.000001     100.0000     100.0000
  2465   226     22700   100/100       100% 0.000001 0.000001     100.0000     100.0000
  2476   227     22800   100/100       100% 0.000002 0.000001     100.0000     100.0000
  2488   228     22900   100/100       100% 0.000003 0.000001     100.0000     100.0000
  2498   229     23000   100/100       100% 0.000003 0.000001     100.0000     100.0000
  2509   230     23100   100/100       100% 0.000002 0.000001     100.0000     100.0000
  2518   231     23200   100/100       100% 0.000002 0.000001     100.0000     100.0000
  2529   232     23300   100/100       100% 0.000002 0.000001     100.0000     100.0000
  2541   233     23400   100/100       100% 0.000003 0.000001     100.0000     100.0000
  2552   234     23500   100/100       100% 0.000002 0.000001     100.0000     100.0000
  2563   235     23600   100/100       100% 0.000000 0.000001     100.0000     100.0000
  2575   236     23700   100/100       100% 0.000003 0.000000     100.0000     100.0000
  2586   237     23800   100/100       100% 0.000000 0.000000     100.0000     100.0000
  2597   238     23900   100/100       100% 0.000000 0.000000     100.0000     100.0000
  2608   239     24000   100/100       100% 0.000001 0.000000     100.0000     100.0000
  2619   240     24100   100/100       100% 0.000001 0.000000     100.0000     100.0000
  2629   241     24200   100/100       100% 0.000001 0.000000     100.0000     100.0000
  2640   242     24300   100/100       100% 0.000002 0.000000     100.0000     100.0000
  2652   243     24400   100/100       100% 0.000001 0.000000     100.0000     100.0000
  2663   244     24500   100/100       100% 0.000001 0.000000     100.0000     100.0000
  2674   245     24600   100/100       100% 0.000032 0.000000     100.0000     100.0000
  2685   246     24700   100/100       100% 0.000001 0.000000     100.0000     100.0000
  2696   247     24800   100/100       100% 0.000001 0.000000     100.0000     100.0000
  2707   248     24900   100/100       100% 0.000001 0.000000     100.0000     100.0000
  2718   249     25000   100/100       100% 0.000003 0.000000     100.0000     100.0000
  2728   250     25100   100/100       100% 0.000000 0.000000     100.0000     100.0000
  2739   251     25200   100/100       100% 0.000001 0.000000     100.0000     100.0000
  2751   252     25300   100/100       100% 0.000000 0.000000     100.0000     100.0000
  2762   253     25400   100/100       100% 0.000001 0.000000     100.0000     100.0000
  2773   254     25500   100/100       100% 0.000000 0.000000     100.0000     100.0000
  2785   255     25600   100/100       100% 0.000000 0.000000     100.0000     100.0000
  2796   256     25700   100/100       100% 0.000001 0.000000     100.0000     100.0000
  2806   257     25800   100/100       100% 0.000000 0.000000     100.0000     100.0000
  2817   258     25900   100/100       100% 0.000001 0.000000     100.0000     100.0000
  2827   259     26000   100/100       100% 0.000026 0.000000     100.0000     100.0000
  2839   260     26100   100/100       100% 0.000000 0.000000     100.0000     100.0000
  2850   261     26200   100/100       100% 0.000000 0.000000     100.0000     100.0000
  2860   262     26300   100/100       100% 0.000000 0.000000     100.0000     100.0000
  2872   263     26400   100/100       100% 0.000000 0.000000     100.0000     100.0000
  2883   264     26500   100/100       100% 0.000000 0.000000     100.0000     100.0000
  2894   265     26600   100/100       100% 0.000000 0.000000     100.0000     100.0000
  2904   266     26700   100/100       100% 0.000000 0.000000     100.0000     100.0000
  2915   267     26800   100/100       100% 0.000000 0.000000     100.0000     100.0000
  2925   268     26900   100/100       100% 0.000000 0.000000     100.0000     100.0000
  2937   269     27000   100/100       100% 0.000000 0.000000     100.0000     100.0000
  2948   270     27100   100/100       100% 0.000000 0.000000     100.0000     100.0000
  2959   271     27200   100/100       100% 0.000000 0.000000     100.0000     100.0000
  2971   272     27300   100/100       100% 0.000000 0.000000     100.0000     100.0000
  2982   273     27400   100/100       100% 0.000000 0.000000     100.0000     100.0000
  2993   274     27500   100/100       100% 0.000000 0.000000     100.0000     100.0000
  3003   275     27600   100/100       100% 0.000000 0.000000     100.0000     100.0000
  3014   276     27700   100/100       100% 0.000000 0.000000     100.0000     100.0000
  3024   277     27800   100/100       100% 0.000000 0.000000     100.0000     100.0000
  3036   278     27900   100/100       100% 0.000000 0.000000     100.0000     100.0000
  3047   279     28000   100/100       100% 0.000000 0.000000     100.0000     100.0000
  3058   280     28100   100/100       100% 0.000000 0.000000     100.0000     100.0000
  3069   281     28200   100/100       100% 0.000000 0.000000     100.0000     100.0000
  3080   282     28300   100/100       100% 0.000000 0.000000     100.0000     100.0000
  3091   283     28400   100/100       100% 0.000000 0.000000     100.0000     100.0000
  3102   284     28500   100/100       100% 0.000000 0.000000     100.0000     100.0000
  3112   285     28600   100/100       100% 0.000000 0.000000     100.0000     100.0000
  3122   286     28700   100/100       100% 0.000000 0.000000     100.0000     100.0000
  3134   287     28800   100/100       100% 0.000000 0.000000     100.0000     100.0000
  3145   288     28900   100/100       100% 0.000000 0.000000     100.0000     100.0000
  3157   289     29000   100/100       100% 0.000000 0.000000     100.0000     100.0000
  3168   290     29100   100/100       100% 0.000000 0.000000     100.0000     100.0000
  3179   291     29200   100/100       100% 0.000000 0.000000     100.0000     100.0000
  3190   292     29300   100/100       100% 0.000000 0.000000     100.0000     100.0000
  3199   293     29400   100/100       100% 0.000000 0.000000     100.0000     100.0000
  3210   294     29500   100/100       100% 0.000000 0.000000     100.0000     100.0000
  3220   295     29600   100/100       100% 0.000000 0.000000     100.0000     100.0000
  3231   296     29700   100/100       100% 0.000000 0.000000     100.0000     100.0000
  3243   297     29800   100/100       100% 0.000000 0.000000     100.0000     100.0000
  3254   298     29900   100/100       100% 0.000000 0.000000     100.0000     100.0000
  3265   299     30000   100/100       100% 0.000000 0.000000     100.0000     100.0000
EXP_END
